TimeStamp,X,Y,Z,Roll,Pitch,Yaw
0.0215491,-0.5224731,22.27023,43.12172,356.5,348.9,-2.673029E-08
0.04362264,-0.5224731,22.27023,43.12172,356.5,348.9,-2.673029E-08
0.06453851,-0.5224731,22.27023,43.12172,356.5,348.9,-2.673029E-08
0.08658895,-0.5224731,22.27023,43.12172,356.5,348.9,-2.673029E-08
0.1075079,-0.5224731,22.27023,43.12172,356.5,348.9,-2.673029E-08
0.1297518,-0.5224731,22.27023,43.12172,356.5,348.9,-2.673029E-08
0.1505081,-0.5224731,22.27023,43.12172,356.5,348.9,-2.673029E-08
0.1725508,-0.5224731,22.27023,43.12172,356.5,348.9,-2.673029E-08
0.1939234,-0.5224731,22.27023,43.12172,356.6,349.1,0
0.2149537,-0.5224731,22.27023,43.12172,356.7,349.2,-5.344948E-08
0.2354134,-0.5224731,22.27023,43.12172,356.7,349.2,-5.344948E-08
0.2576317,-0.5224731,22.27023,43.12172,356.7,349.2,-5.344948E-08
0.279853,-0.5224731,22.27023,43.12172,356.7,349.2,-5.344948E-08
0.3006334,-0.5224731,22.27023,43.12172,356.7,349.2,-5.344948E-08
0.32232,-0.5224731,22.27023,43.12172,356.7,349.2,-5.344948E-08
0.3434632,-0.5224731,22.27023,43.12172,356.7,349.2,-5.344948E-08
0.3648358,-0.5224731,22.27023,43.12172,356.7,349.2,-5.344948E-08
0.3864388,-0.5224731,22.27023,43.12172,356.7,349.2,-5.344948E-08
0.4073767,-0.5224731,22.27023,43.12172,356.7,349.2,-5.344948E-08
0.4299203,-0.5224731,22.27023,43.12172,356.7,349.2,-5.344948E-08
0.450752,-0.5224731,22.27023,43.12172,356.7,349.2,-5.344948E-08
0.4717213,-0.5224731,22.27023,43.12172,356.7,349.2,-5.344948E-08
0.4936793,-0.5224731,22.27023,43.12172,356.7,349.2,-5.344948E-08
0.5147204,-0.5224731,22.27023,43.12172,356.7,349.2,-5.344948E-08
0.5359483,-0.5224731,22.27023,43.12172,356.8,349.3,0
0.5575205,-0.5224731,22.27023,43.12172,356.9,349.3,0
0.5785313,-0.5224731,22.27023,43.12172,356.9,349.3,0
0.6009277,-0.5224731,22.27023,43.12172,356.9,349.3,0
0.6223084,-0.5224731,22.27023,43.12172,356.9,349.3,0
0.6435266,-0.5224731,22.27023,43.12172,356.9,349.3,0
0.6646857,-0.5224731,22.27023,43.12172,356.9,349.3,0
0.6865873,-0.5224731,22.27023,43.12172,356.9,349.3,0
0.7072902,-0.5224731,22.27023,43.12172,356.9,349.3,0
0.7298748,-0.5224731,22.27023,43.12172,356.9,349.3,0
0.7508559,-0.5224731,22.27023,43.12172,356.9,349.3,0
0.7725132,-0.5224731,22.27023,43.12172,356.9,349.3,0
0.7935004,-0.5224731,22.27023,43.12172,356.9,349.3,0
0.8147421,-0.5224731,22.27023,43.12172,356.9,349.3,0
0.836496,-0.5224731,22.27023,43.12172,356.9,349.3,0
0.8574955,-0.5224731,22.27023,43.12172,356.9,349.3,0
0.8786089,-0.5224731,22.27023,43.12172,356.9,349.3,0
0.90082,-0.5224731,22.27023,43.12172,356.9,349.3,0
0.9225708,-0.5224731,22.27023,43.12172,357.1,349.5,0
0.9438192,-0.5224731,22.27023,43.12172,357.3,349.7,2.671008E-08
0.9650127,-0.5224731,22.27023,43.12172,357.5,350.1,1.335292E-08
0.986807,-0.5224731,22.27023,43.12172,357.5,350.3,1.335292E-08
1.008337,-0.5224731,22.27023,43.12172,357.5,350.3,1.335292E-08
1.029686,-0.5224731,22.27023,43.12172,357.5,350.3,1.335292E-08
1.051636,-0.5224731,22.27023,43.12172,357.5,350.3,1.335292E-08
1.073518,-0.5224731,22.27023,43.12172,357.5,350.3,1.335292E-08
1.094408,-0.5224731,22.27023,43.12172,357.5,350.3,1.335292E-08
1.116717,-0.5224731,22.27023,43.12172,357.5,350.3,1.335292E-08
1.137487,-0.5224731,22.27023,43.12172,357.5,350.3,1.335292E-08
1.159638,-0.5224731,22.27023,43.12172,357.5,350.3,1.335292E-08
1.180576,-0.5224731,22.27023,43.12172,357.5,350.3,1.335292E-08
1.202935,-0.5224731,22.27023,43.12172,357.5,350.3,1.335292E-08
1.223493,-0.5224731,22.27023,43.12172,357.5,350.3,1.335292E-08
1.245537,-0.5224731,22.27023,43.12172,357.5,350.3,1.335292E-08
1.266532,-0.5224731,22.27023,43.12172,357.5,350.3,1.335292E-08
1.2887,-0.5224731,22.27023,43.12172,357.5,350.3,1.335292E-08
1.309546,-0.5224731,22.27023,43.12172,357.5,350.3,1.335292E-08
1.331988,-0.5224731,22.27023,43.12172,357.5,350.3,1.335292E-08
1.352759,-0.5224731,22.27023,43.12172,357.5,350.3,1.335292E-08
1.374829,-0.5224731,22.27023,43.12172,357.5,350.3,1.335292E-08
1.395717,-0.5224731,22.27023,43.12172,357.5,350.3,1.335292E-08
1.416518,-0.5224731,22.27023,43.12172,357.5,350.3,1.335292E-08
1.438427,-0.5224731,22.27023,43.12172,357.5,350.3,1.335292E-08
1.459692,-0.5224731,22.27023,43.12172,357.5,350.3,1.335292E-08
1.482072,-0.5224731,22.27023,43.12172,357.5,350.3,1.335292E-08
1.502284,-0.5224731,22.27023,43.12172,357.5,350.3,1.335292E-08
1.52452,-0.5224731,22.27023,43.12172,357.5,350.3,1.335292E-08
1.545603,-0.5224731,22.27023,43.12172,357.5,350.3,1.335292E-08
1.567802,-0.5224731,22.27023,43.12172,357.5,350.3,1.335292E-08
1.588784,-0.5224731,22.27023,43.12172,357.5,350.3,1.335292E-08
1.610355,-0.5224731,22.27023,43.12172,357.5,350.3,1.335292E-08
1.631556,-0.5224731,22.27023,43.12172,357.5,350.3,1.335292E-08
1.653161,-0.5224731,22.27023,43.12172,357.5,350.3,1.335292E-08
1.674707,-0.5224731,22.27023,43.12172,357.5,350.3,1.335292E-08
1.696744,-0.5224731,22.27023,43.12172,357.5,350.3,1.335292E-08
1.717368,-0.5224731,22.27023,43.12172,357.5,350.3,1.335292E-08
1.739492,-0.5224731,22.27023,43.12172,357.5,350.3,1.335292E-08
1.760298,-0.5224731,22.27023,43.12172,357.5,350.3,1.335292E-08
1.782737,-0.5224731,22.27023,43.12172,357.5,350.3,1.335292E-08
1.803548,-0.5224731,22.27023,43.12172,357.5,350.3,1.335292E-08
1.825672,-0.5224731,22.27023,43.12172,357.5,350.3,1.335292E-08
1.846697,-0.5224731,22.27023,43.12172,357.5,350.3,1.335292E-08
1.868693,-0.5224731,22.27023,43.12172,357.5,350.3,1.335292E-08
1.890726,-0.5224731,22.27023,43.12172,357.5,350.3,1.335292E-08
1.912773,-0.5224731,22.27023,43.12172,357.5,350.3,1.335292E-08
1.93479,-0.5224731,22.27023,43.12172,357.5,350.3,1.335292E-08
1.95536,-0.5224731,22.27023,43.12172,357.5,350.3,1.335292E-08
1.977571,-0.5224731,22.27023,43.12172,357.5,350.3,1.335292E-08
1.999977,-0.5224731,22.27023,43.12172,357.5,350.3,1.335292E-08
2.020419,-0.5224731,22.27023,43.12172,357.5,350.3,1.335292E-08
2.042479,-0.5224731,22.27023,43.12172,357.5,350.3,1.335292E-08
2.064832,-0.5224731,22.27023,43.12172,357.5,350.3,1.335292E-08
2.085521,-0.5224731,22.27023,43.12172,357.5,350.3,1.335292E-08
2.10733,-0.5224731,22.27023,43.12172,357.5,350.3,1.335292E-08
2.129651,-0.5224731,22.27023,43.12172,357.5,350.3,1.335292E-08
2.150898,-0.5224731,22.27023,43.12172,357.5,350.3,1.335292E-08
2.172616,-0.5224731,22.27023,43.12172,357.5,350.3,1.335292E-08
2.194739,-0.5224731,22.27023,43.12172,357.5,350.3,1.335292E-08
2.215442,-0.5224731,22.27023,43.12172,357.5,350.3,1.335292E-08
2.237758,-0.5224731,22.27023,43.12172,357.5,350.3,1.335292E-08
2.259724,-0.5359523,22.27023,43.20058,357.5,350.3,1.335292E-08
2.281843,-0.5494314,22.27023,43.27943,357.5,350.3,1.335292E-08
2.302549,-0.5629106,22.27023,43.35829,357.5,350.3,1.335292E-08
2.325655,-0.5763897,22.27024,43.43715,357.5,350.3,1.335292E-08
2.346599,-0.5898688,22.27023,43.516,357.5,350.3,1.335292E-08
2.368467,-0.6168271,22.27023,43.67371,357.5,350.3,1.335292E-08
2.390315,-0.6303063,22.27023,43.75257,357.5,350.3,1.335292E-08
2.413264,-0.6437854,22.27024,43.83142,357.5,350.3,1.335292E-08
2.435578,-0.6572646,22.27023,43.91028,357.5,350.3,1.335292E-08
2.457262,-0.6707437,22.27023,43.98914,357.5,350.3,1.335292E-08
2.479623,-0.6842229,22.27023,44.068,357.5,350.3,1.335292E-08
2.501719,-0.697702,22.27023,44.14685,357.5,350.3,1.335292E-08
2.523421,-0.7111812,22.27024,44.22571,357.5,350.3,1.335292E-08
2.546756,-0.7246603,22.27023,44.30457,357.5,350.3,1.335292E-08
2.568573,-0.7516186,22.27023,44.46228,357.5,350.3,1.335292E-08
2.590254,-0.7650977,22.27023,44.54113,357.5,350.3,1.335292E-08
2.613526,-0.7785769,22.27024,44.61999,357.5,350.3,1.335292E-08
2.635279,-0.792056,22.27023,44.69884,357.5,350.3,1.335292E-08
2.659418,-0.8055352,22.27023,44.7777,357.5,350.3,1.335292E-08
2.682196,-0.8190144,22.27023,44.85656,357.5,350.3,1.335292E-08
2.705033,-0.8324935,22.27023,44.93541,357.5,350.3,1.335292E-08
2.728409,-0.8594518,22.27023,45.09313,357.5,350.3,1.335292E-08
2.75147,-0.8729309,22.27023,45.17198,357.5,350.3,1.335292E-08
2.774006,-0.8864101,22.27023,45.25084,357.5,350.3,1.335292E-08
2.79739,-0.8998892,22.27023,45.3297,357.5,350.3,1.335292E-08
2.821104,-0.9133683,22.27024,45.40855,357.5,350.3,1.335292E-08
2.845305,-0.9268475,22.27023,45.48741,357.5,350.3,1.335292E-08
2.868508,-0.9538058,22.27023,45.64512,357.5,350.3,1.335292E-08
2.891921,-0.967285,22.27023,45.72398,357.5,350.3,1.335292E-08
2.914968,-0.9807641,22.27023,45.80283,357.5,350.3,1.335292E-08
2.938677,-0.9942433,22.27023,45.88169,357.5,350.3,1.335292E-08
2.962772,-1.007722,22.27024,45.96054,357.5,350.3,1.335292E-08
2.986935,-1.021201,22.27023,46.0394,357.5,350.3,1.335292E-08
3.011868,-1.04816,22.27023,46.19711,357.5,350.3,1.335292E-08
3.035805,-1.061639,22.27023,46.27597,357.5,350.3,1.335292E-08
3.059837,-1.075118,22.27024,46.35483,357.5,350.3,1.335292E-08
3.084285,-1.075118,22.27023,46.35483,357.5,350.3,1.335292E-08
3.107644,-1.075118,22.27023,46.35483,357.5,350.3,1.335292E-08
3.131867,-1.075118,22.27023,46.35483,357.5,350.3,1.335292E-08
3.155715,-1.075118,22.27023,46.35483,357.5,350.3,1.335292E-08
3.179823,-1.075118,22.27023,46.35483,357.5,350.3,1.335292E-08
3.203863,-1.075118,22.27023,46.35483,357.5,350.3,1.335292E-08
3.227742,-1.075118,22.27023,46.35483,357.5,350.3,1.335292E-08
3.251887,-1.075118,22.27023,46.35483,357.5,350.3,1.335292E-08
3.275749,-1.075118,22.27023,46.35483,357.5,350.3,1.335292E-08
3.299868,-1.075118,22.27023,46.35483,357.5,350.3,1.335292E-08
3.323767,-1.075118,22.27023,46.35483,357.5,350.3,1.335292E-08
3.347859,-1.075118,22.27023,46.35483,357.5,350.3,1.335292E-08
3.371919,-1.075118,22.27023,46.35483,357.5,350.3,1.335292E-08
3.396801,-1.075118,22.27023,46.35483,357.5,350.3,1.335292E-08
3.421013,-1.075118,22.27023,46.35483,357.5,350.3,1.335292E-08
3.444945,-1.075118,22.27023,46.35483,357.5,350.3,1.335292E-08
3.468948,-1.075118,22.27023,46.35483,357.5,350.3,1.335292E-08
3.49281,-1.075118,22.27023,46.35483,357.5,350.3,1.335292E-08
3.51703,-1.075118,22.27023,46.35483,357.5,350.3,1.335292E-08
3.540614,-1.075118,22.27023,46.35483,357.5,350.3,1.335292E-08
3.564976,-1.075118,22.27023,46.35483,357.5,350.3,1.335292E-08
3.588916,-1.075118,22.27023,46.35483,356.9,351.3,2.671952E-08
3.61296,-1.075118,22.27023,46.35483,356.5,351.3,0
3.636643,-1.075118,22.27023,46.35483,356.5,351.3,0
3.661812,-1.075118,22.27023,46.35483,356.5,351.3,0
3.685857,-1.075118,22.27023,46.35483,356.5,351.3,0
3.709768,-1.075118,22.27023,46.35483,356.5,351.3,0
3.73301,-1.075118,22.27023,46.35483,356.5,351.3,0
3.756765,-1.075118,22.27023,46.35483,356.5,351.3,0
3.781102,-1.075118,22.27023,46.35483,356.5,351.3,0
3.804849,-1.075118,22.27023,46.35483,356.5,351.3,0
3.828854,-1.075118,22.27023,46.35483,356.5,351.3,0
3.852677,-1.075118,22.27023,46.35483,356.5,351.3,0
3.876617,-1.075118,22.27023,46.35483,356.5,351.3,0
3.900882,-1.075118,22.27023,46.35483,356.5,351.3,0
3.924857,-1.075118,22.27023,46.35483,356.5,351.3,0
3.94912,-1.075118,22.27023,46.35483,356.5,351.3,0
3.97247,-1.075118,22.27023,46.35483,356.5,351.3,0
3.996883,-1.075118,22.27023,46.35483,356.5,351.3,0
4.020878,-1.075118,22.27023,46.35483,356.5,351.3,0
4.045091,-1.087219,22.27023,46.43391,356.5,351.3,0
4.068981,-1.111604,22.27991,46.59083,356.5,351.3,0
4.092874,-1.123707,22.28,46.6699,356.5,351.3,0
4.116907,-1.135808,22.28739,46.74897,356.5,351.3,0
4.14066,-1.147971,22.29,46.82763,356.4,351.3,2.673318E-08
4.164805,-1.160072,22.29,46.90671,356.4,351.3,2.673318E-08
4.188597,-1.184273,22.29,47.06487,356.4,351.3,2.673318E-08
4.212484,-1.196374,22.29,47.14395,356.4,351.3,2.673318E-08
4.236429,-1.208475,22.29,47.22303,356.4,351.3,2.673318E-08
4.259512,-1.220576,22.29,47.30211,356.4,351.3,2.673318E-08
4.283526,-1.232677,22.29,47.38119,356.4,351.3,2.673318E-08
4.307321,-1.256879,22.29,47.53934,356.4,351.3,2.673318E-08
4.330616,-1.26898,22.29,47.61843,356.4,351.3,2.673318E-08
4.354395,-1.28108,22.29,47.69751,356.4,351.3,2.673318E-08
4.377114,-1.293181,22.29,47.77658,356.4,351.3,2.673318E-08
4.400597,-1.305282,22.29,47.85566,356.4,351.3,2.673318E-08
4.424376,-1.317383,22.29,47.93474,356.4,351.3,2.673318E-08
4.448841,-1.341585,22.29,48.0929,356.4,351.3,2.673318E-08
4.471087,-1.353686,22.29,48.17198,356.4,351.3,2.673318E-08
4.495354,-1.365786,22.29,48.25106,356.4,351.3,2.673318E-08
4.518288,-1.377887,22.29,48.33014,356.4,351.3,2.673318E-08
4.542191,-1.389988,22.29,48.40922,356.4,351.3,2.673318E-08
4.565175,-1.402089,22.29,48.4883,356.4,351.3,2.673318E-08
4.58808,-1.426291,22.29,48.64646,356.4,351.3,2.673318E-08
4.611,-1.438392,22.29,48.72554,356.4,351.3,2.673318E-08
4.63449,-1.450631,22.29,48.8046,356.4,351.2,2.673318E-08
4.65823,-1.463145,22.29,48.88361,356.5,351,0
4.681467,-1.475798,22.29,48.9626,356.5,350.9,-2.673029E-08
4.704354,-1.488588,22.29,49.04158,356.5,350.8,2.673029E-08
4.727098,-1.514721,22.29,49.19943,356.5,350.6,0
4.75106,-1.514721,22.29,49.19943,356.5,350.5,0
4.773883,-1.514721,22.29,49.19943,356.5,350.5,0
4.797191,-1.514721,22.29,49.19943,356.5,350.5,0
4.820923,-1.514721,22.29,49.19943,356.5,350.5,0
4.843981,-1.514721,22.29,49.19943,356.3,350.3,0
4.866871,-1.514721,22.29,49.19943,356.3,350.3,0
4.889935,-1.514721,22.29,49.19943,356.3,350.3,0
4.912931,-1.514721,22.29,49.19943,356.2,350.3,0
4.935946,-1.514721,22.29,49.19943,356.1,350.3,0
4.958762,-1.514721,22.29,49.19943,356,350.3,-2.674557E-08
4.981909,-1.514721,22.29,49.19943,355.9,350.3,2.674888E-08
5.004813,-1.514721,22.29,49.19943,355.8,350.4,0
5.028012,-1.514721,22.29,49.19943,355.6,350.4,0
5.051052,-1.514721,22.29,49.19943,355.4,350.3,2.676665E-08
5.07376,-1.514721,22.29,49.19943,355.4,350.3,2.676665E-08
5.096745,-1.514721,22.29,49.19943,355.4,350.3,2.676665E-08
5.120034,-1.514721,22.29,49.19943,355.4,350.3,2.676665E-08
5.142521,-1.514721,22.29,49.19943,355.3,350.2,-2.677045E-08
5.165871,-1.514721,22.29,49.19943,355.3,350.2,-2.677045E-08
5.18881,-1.514721,22.29,49.19943,355.3,350.2,-2.677045E-08
5.211905,-1.514721,22.29,49.19943,355.2,350.1,0
5.234856,-1.514721,22.29,49.19943,355.2,350.1,0
5.257707,-1.514721,22.29,49.19943,355.1,350,0
5.281044,-1.514721,22.29,49.19943,355.1,350,0
5.303922,-1.514721,22.29,49.19943,355,349.9,2.678234E-08
5.326741,-1.514721,22.29,49.19943,355,349.9,2.678234E-08
5.349856,-1.514721,22.29,49.19943,355,349.9,2.678234E-08
5.37165,-1.514721,22.29,49.19943,355,349.9,2.678234E-08
5.394818,-1.514721,22.29,49.19943,355,349.9,2.678234E-08
5.417641,-1.514721,22.29,49.19943,355,349.9,2.678234E-08
5.44067,-1.52875,22.29,49.27819,355,349.9,2.678234E-08
5.463917,-1.542779,22.29,49.35695,355,349.9,2.678234E-08
5.486713,-1.556809,22.29,49.43571,355,349.9,2.678234E-08
5.509583,-1.584867,22.29,49.59323,355,349.9,2.678234E-08
5.531784,-1.598897,22.29,49.67199,355,349.9,2.678234E-08
5.554254,-1.612926,22.29,49.75075,355,349.9,2.678234E-08
5.577445,-1.626955,22.29,49.82951,355,349.9,2.678234E-08
5.600575,-1.641259,22.29,49.90822,355,349.7,0
5.623506,-1.655701,22.29,49.98691,355,349.6,0
5.646824,-1.67028,22.29,50.06557,355,349.5,-5.356468E-08
5.669399,-1.699986,22.29,50.22279,355,349.3,-5.356468E-08
5.690966,-1.715114,22.29,50.30134,355,349.1,0
5.715159,-1.730379,22.29,50.37987,355,349,5.356468E-08
5.738002,-1.745643,22.29,50.4584,355,349,5.356468E-08
5.761052,-1.760908,22.29,50.53693,355,349,5.356468E-08
5.783822,-1.776173,22.29,50.61546,355,349,5.356468E-08
5.80685,-1.791438,22.29,50.69399,355,349,5.356468E-08
5.830161,-1.821967,22.29,50.85105,355,349,5.356468E-08
5.853015,-1.837232,22.29,50.92958,355,349,5.356468E-08
5.875806,-1.852497,22.29,51.00811,355,349,5.356468E-08
5.899081,-1.867761,22.29,51.08664,355,349,5.356468E-08
5.921729,-1.883163,22.29,51.16515,355.1,348.9,0
5.944788,-1.898565,22.29,51.24365,355.1,348.9,0
5.967855,-1.929094,22.29,51.40071,355.2,349,0
5.991001,-1.944085,22.29,51.47929,355.3,349.2,-2.677045E-08
6.013048,-1.958251,22.29,51.55803,355.5,349.8,0
6.035919,-1.971731,22.29,51.63689,355.6,350.3,-2.675929E-08
6.059055,-1.971731,22.29,51.63689,355.8,350.9,0
6.081938,-1.971731,22.29,51.63689,355.9,351.2,0
6.105021,-1.971731,22.29,51.63689,355.9,351.5,-2.674888E-08
6.127856,-1.971731,22.29,51.63689,356,351.9,2.674558E-08
6.150918,-1.971731,22.29,51.63689,356.1,352.1,0
6.173996,-1.971731,22.29,51.63689,356.2,352.4,2.673922E-08
6.197542,-1.971731,22.29,51.63689,356.3,352.6,-2.673615E-08
6.219995,-1.971731,22.29,51.63689,356.4,352.9,1.336659E-08
6.24311,-1.971731,22.29,51.63689,356.6,353.2,-1.336374E-08
6.266536,-1.971731,22.29,51.63689,356.7,353.5,0
6.289423,-1.971731,22.29,51.63689,356.8,353.8,-1.336105E-08
6.313707,-1.971731,22.29,51.63689,357,354.1,-1.335852E-08
6.336124,-1.971731,22.29,51.63689,357.2,354.6,0
6.359401,-1.971731,22.29,51.63689,357.3,355.2,0
6.382431,-1.971731,22.29,51.63689,357.6,355.8,6.675962E-09
6.405643,-1.971731,22.29,51.63689,357.8,356.5,6.675027E-09
6.429406,-1.971731,22.29,51.63689,357.9,356.8,0
6.452553,-1.971731,22.29,51.63689,358,357.3,0
6.472837,-1.971731,22.29,51.63689,358.1,357.8,3.336888E-09
6.495846,-1.971731,22.29,51.63689,358.2,358,0
6.520138,-1.971731,22.29,51.63689,358.3,358.5,1.668261E-09
6.537759,-1.971731,22.29,51.63689,358.4,358.9,0
6.556992,-1.971731,22.29,51.63689,358.5,359.2,0
6.576397,-1.971731,22.29,51.63689,358.6,359.5,0
6.594043,-1.971731,22.29,51.63689,358.7,359.8,0
6.61336,-1.971731,22.29,51.63689,358.7,359.9,1.042472E-10
6.631958,-1.971731,22.29,51.63689,358.8,0.3000019,0
6.651209,-1.971731,22.29,51.63689,358.8,0.6000019,0
6.670269,-1.971731,22.29,51.63689,358.9,0.9000021,0
6.688027,-1.971731,22.29,51.63689,358.9,1.400002,1.667834E-09
6.707028,-1.971731,22.29,51.63689,359,1.800002,1.667781E-09
6.729231,-1.971731,22.29,51.63689,359.1,2.200002,-3.335465E-09
6.746911,-1.971731,22.29,51.63689,359.3,2.800002,1.667651E-09
6.766311,-1.971731,22.29,51.63689,359.4,3.200002,0
6.788699,-1.971731,22.29,51.63689,359.4,3.300002,0
6.811961,-1.971731,22.29,51.63689,359.4,3.400003,-1.667618E-09
6.834684,-1.971731,22.29,51.63689,359.4,3.500002,0
6.857873,-1.971731,22.29,51.63689,359.5,3.600003,-1.66759E-09
6.881039,-1.971731,22.29,51.63689,359.5,3.600003,-1.66759E-09
6.904023,-1.971731,22.29,51.63689,359.5,3.600003,-1.66759E-09
6.927011,-1.971731,22.29,51.63689,359.5,3.600003,-1.66759E-09
6.948901,-1.971731,22.29,51.63689,359.5,3.600003,-1.66759E-09
6.971812,-1.971731,22.29,51.63689,359.5,3.600003,-1.66759E-09
6.99482,-1.971731,22.29,51.63689,359.5,3.600003,-1.66759E-09
7.016951,-1.971731,22.29,51.63689,359.5,3.600003,-1.66759E-09
7.039903,-1.971731,22.29,51.63689,359.5,3.600003,-1.66759E-09
7.063079,-1.971731,22.29,51.63689,359.5,3.600003,-1.66759E-09
7.084812,-1.971731,22.29,51.63689,359.5,3.600003,-1.66759E-09
7.107906,-1.971731,22.29,51.63689,359.5,3.600003,-1.66759E-09
7.131072,-1.971731,22.29,51.63689,359.5,3.600003,-1.66759E-09
7.153052,-1.971731,22.29,51.63689,359.5,3.600003,-1.66759E-09
7.1756,-1.971731,22.29,51.63689,359.5,3.600003,-1.66759E-09
7.199161,-1.971731,22.29,51.63689,359.5,3.600003,-1.66759E-09
7.221843,-1.971731,22.29,51.63689,359.5,3.600003,-1.66759E-09
7.244018,-1.971731,22.29,51.63689,359.5,3.600003,-1.66759E-09
7.26719,-1.971731,22.29,51.63689,359.5,3.600003,-1.66759E-09
7.289873,-1.971731,22.29,51.63689,359.5,3.600003,-1.66759E-09
7.312198,-1.971731,22.29,51.63689,359.5,3.600003,-1.66759E-09
7.334607,-1.971731,22.29,51.63689,359.5,3.600003,-1.66759E-09
7.35783,-1.971731,22.29,51.63689,359.5,3.600003,-1.66759E-09
7.381105,-1.971731,22.29,51.63689,359.5,3.600003,-1.66759E-09
7.402883,-1.971731,22.29,51.63689,359.5,3.600003,-1.66759E-09
7.42558,-1.971731,22.29,51.63689,359.5,3.600003,-1.66759E-09
7.449132,-1.971731,22.29,51.63689,359.5,3.600003,-1.66759E-09
7.471774,-1.971731,22.29,51.63689,359.5,3.600003,-1.66759E-09
7.493906,-1.971731,22.29,51.63689,359.5,3.600003,-1.66759E-09
7.51704,-1.971731,22.29,51.63689,359.5,3.600003,-1.66759E-09
7.53957,-1.971731,22.29,51.63689,359.5,3.600003,-1.66759E-09
7.561938,-1.971731,22.29,51.63689,359.5,3.600003,-1.66759E-09
7.584672,-1.971731,22.29,51.63689,359.5,3.600003,-1.66759E-09
7.607801,-1.971731,22.29,51.63689,359.5,3.600003,-1.66759E-09
7.629993,-1.971731,22.29,51.63689,359.5,3.600003,-1.66759E-09
7.652591,-1.971731,22.29,51.63689,359.5,3.600003,-1.66759E-09
7.675761,-1.971731,22.29,51.63689,359.5,3.600003,-1.66759E-09
7.698235,-1.971731,22.29,51.63689,359.5,3.600003,-1.66759E-09
7.72042,-1.971731,22.29,51.63689,359.5,3.600003,-1.66759E-09
7.743765,-1.971731,22.29,51.63689,359.5,3.600003,-1.66759E-09
7.766995,-1.971731,22.29,51.63689,359.5,3.600003,-1.66759E-09
7.788637,-1.971731,22.29,51.63689,359.5,3.600003,-1.66759E-09
7.812121,-1.971731,22.29,51.63689,359.5,3.600003,-1.66759E-09
7.834785,-1.971731,22.29,51.63689,359.5,3.600003,-1.66759E-09
7.856976,-1.971731,22.29,51.63689,359.5,3.600003,-1.66759E-09
7.879755,-1.971731,22.29,51.63689,359.5,3.600003,-1.66759E-09
7.902857,-1.971731,22.29,51.63689,359.5,3.600003,-1.66759E-09
7.925765,-1.966707,22.29,51.71673,359.5,3.600003,-1.66759E-09
7.948149,-1.956661,22.29,51.87641,359.5,3.600003,-1.66759E-09
7.970758,-1.951638,22.29,51.95625,359.5,3.600003,-1.66759E-09
7.993642,-1.946614,22.29,52.03609,359.5,3.600003,-1.66759E-09
8.01704,-1.941591,22.29,52.11594,359.5,3.600003,-1.66759E-09
8.039697,-1.936568,22.29,52.19578,359.5,3.600003,-1.66759E-09
8.062819,-1.931545,22.29,52.27562,359.5,3.600003,-1.66759E-09
8.085371,-1.926521,22.29,52.35546,359.5,3.600003,-1.66759E-09
8.108628,-1.916475,22.29,52.51515,359.5,3.600003,-1.66759E-09
8.131474,-1.911452,22.29,52.59499,359.5,3.600003,-1.66759E-09
8.153289,-1.906428,22.29,52.67483,359.5,3.600003,-1.66759E-09
8.176195,-1.901405,22.29,52.75468,359.5,3.600003,-1.66759E-09
8.198949,-1.896382,22.29,52.83452,359.5,3.600003,-1.66759E-09
8.22137,-1.891359,22.29,52.91436,359.5,3.600003,-1.66759E-09
8.244351,-1.886335,22.29,52.9942,359.5,3.600003,-1.66759E-09
8.266591,-1.881312,22.29,53.07404,359.5,3.600003,-1.66759E-09
8.288213,-1.881312,22.29,53.07404,359.5,3.600003,-1.66759E-09
8.311125,-1.881312,22.29,53.07404,359.5,3.600003,-1.66759E-09
8.333457,-1.881312,22.29,53.07404,359.5,3.600003,-1.66759E-09
8.356149,-1.881312,22.29,53.07404,359.5,3.600003,-1.66759E-09
8.378242,-1.881312,22.29,53.07404,359.5,3.600003,-1.66759E-09
8.400591,-1.881312,22.29,53.07404,359.5,3.600003,-1.66759E-09
8.422475,-1.881312,22.29,53.07404,359.5,3.600003,-1.66759E-09
8.445192,-1.881312,22.29,53.07404,359.5,3.600003,-1.66759E-09
8.46739,-1.881312,22.29,53.07404,359.5,3.600003,-1.66759E-09
8.489201,-1.881312,22.29,53.07404,359.5,3.600003,-1.66759E-09
8.512394,-1.881312,22.29,53.07404,359.5,3.600003,-1.66759E-09
8.53411,-1.881312,22.29,53.07404,359.5,3.600003,-1.66759E-09
8.556125,-1.881312,22.29,53.07404,359.5,3.600003,-1.66759E-09
8.579332,-1.881312,22.29,53.07404,359.5,3.600003,-1.66759E-09
8.601148,-1.881312,22.29,53.07404,359.5,3.600003,-1.66759E-09
8.623214,-1.881312,22.29,53.07404,359.5,3.600003,-1.66759E-09
8.646282,-1.881312,22.29,53.07404,359.5,3.600003,-1.66759E-09
8.668168,-1.881312,22.29,53.07404,359.5,3.600003,-1.66759E-09
8.690239,-1.881312,22.29,53.07404,359.5,3.600003,-1.66759E-09
8.713545,-1.881312,22.29,53.07404,359.5,3.600003,-1.66759E-09
8.734973,-1.881312,22.29,53.07404,359.5,3.600003,-1.66759E-09
8.757248,-1.881312,22.29,53.07404,359.5,3.600003,-1.66759E-09
8.779488,-1.881312,22.29,53.07404,359.5,3.600003,-1.66759E-09
8.802007,-1.881312,22.29,53.07404,359.5,3.600003,-1.66759E-09
8.823986,-1.881312,22.29,53.07404,359.5,3.600003,-1.66759E-09
8.846102,-1.881312,22.29,53.07404,359.5,3.600003,-1.66759E-09
8.869346,-1.881312,22.29,53.07404,359.5,3.600003,-1.66759E-09
8.891262,-1.881312,22.29,53.07404,359.5,3.600003,-1.66759E-09
8.914115,-1.881312,22.29,53.07404,359.5,3.600003,-1.66759E-09
8.936151,-1.881312,22.29,53.07404,359.5,3.600003,-1.66759E-09
8.958051,-1.881312,22.29,53.07404,359.5,3.600003,-1.66759E-09
8.981404,-1.881312,22.29,53.07404,359.5,3.600003,-1.66759E-09
9.003155,-1.881312,22.29,53.07404,359.5,3.600003,-1.66759E-09
9.025178,-1.881312,22.29,53.07404,359.5,3.600003,-1.66759E-09
9.048019,-1.881312,22.29,53.07404,359.5,3.600003,-1.66759E-09
9.07026,-1.881312,22.29,53.07404,359.5,3.600003,-1.66759E-09
9.093148,-1.881312,22.29,53.07404,359.5,3.600003,-1.66759E-09
9.115059,-1.881312,22.29,53.07404,359.5,3.600003,-1.66759E-09
9.137208,-1.881312,22.29,53.07404,359.5,3.600003,-1.66759E-09
9.160166,-1.881312,22.29,53.07404,359.5,3.700002,-1.66759E-09
9.182493,-1.881312,22.29,53.07404,359.5,3.700002,-1.66759E-09
9.204222,-1.881312,22.29,53.07404,359.5,3.700002,-1.66759E-09
9.227236,-1.881312,22.29,53.07404,359.5,3.800003,0
9.249362,-1.881312,22.29,53.07404,359.5,3.800003,0
9.27129,-1.881312,22.29,53.07404,359.5,3.800003,0
9.294057,-1.881312,22.29,53.07404,359.5,3.800003,0
9.316569,-1.881312,22.29,53.07404,359.5,3.800003,0
9.338312,-1.881312,22.29,53.07404,359.5,3.900003,-1.66759E-09
9.361173,-1.881312,22.29,53.07404,359.5,3.900003,-1.66759E-09
9.383677,-1.881312,22.29,53.07404,359.5,3.900003,-1.66759E-09
9.405157,-1.881312,22.29,53.07404,359.5,3.900003,-1.66759E-09
9.428428,-1.87043,22.29,53.23367,359.5,3.900003,-1.66759E-09
9.450204,-1.864988,22.29,53.31349,359.5,3.900003,-1.66759E-09
9.472101,-1.859547,22.29,53.3933,359.5,3.900003,-1.66759E-09
9.493937,-1.854106,22.29,53.47312,359.5,3.900003,-1.66759E-09
9.517209,-1.848665,22.29,53.55293,359.5,3.900003,-1.66759E-09
9.538629,-1.843224,22.29,53.63275,359.5,3.900003,-1.66759E-09
9.560666,-1.837782,22.29,53.71256,359.5,3.900003,-1.66759E-09
9.583039,-1.832341,22.29,53.79238,359.5,3.900003,-1.66759E-09
9.604792,-1.8269,22.29,53.87219,359.5,3.900003,-1.66759E-09
9.626579,-1.821459,22.29,53.95201,359.5,3.900003,-1.66759E-09
9.647762,-1.810576,22.29,54.11164,359.5,3.900003,-1.66759E-09
9.669654,-1.805135,22.29,54.19145,359.5,3.900003,-1.66759E-09
9.691567,-1.799694,22.29,54.27126,359.5,3.900003,-1.66759E-09
9.713621,-1.794253,22.29,54.35108,359.5,3.900003,-1.66759E-09
9.735391,-1.794253,22.29,54.35108,359.5,3.900003,-1.66759E-09
9.75638,-1.794253,22.29,54.35108,359.5,3.900003,-1.66759E-09
9.778567,-1.794253,22.29,54.35108,359.5,3.900003,-1.66759E-09
9.799733,-1.794253,22.29,54.35108,359.5,3.900003,-1.66759E-09
9.820318,-1.794253,22.29,54.35108,359.5,3.900003,-1.66759E-09
9.842382,-1.794253,22.29,54.35108,359.5,3.900003,-1.66759E-09
9.863567,-1.794253,22.29,54.35108,359.5,3.900003,-1.66759E-09
9.885471,-1.794253,22.29,54.35108,359.5,3.900003,-1.66759E-09
9.906327,-1.794253,22.29,54.35108,359.5,3.900003,-1.66759E-09
9.928641,-1.78337,22.29,54.51071,359.5,3.900003,-1.66759E-09
9.949521,-1.777929,22.29,54.59052,359.5,3.900003,-1.66759E-09
9.970285,-1.772488,22.29,54.67034,359.5,3.900003,-1.66759E-09
9.992311,-1.767046,22.29,54.75015,359.5,3.900003,-1.66759E-09
10.01329,-1.761605,22.29,54.82997,359.5,3.900003,-1.66759E-09
10.03413,-1.756025,22.29,54.90977,359.6,4.000003,0
10.05506,-1.750305,22.29,54.98957,359.7,4.100003,-8.337748E-10
10.07589,-1.744585,22.29,55.06936,359.7,4.100003,-8.337748E-10
10.0972,-1.738726,22.29,55.14915,359.8,4.200003,0
10.11782,-1.732867,22.29,55.22894,359.8,4.200003,0
10.13898,-1.726869,22.29,55.30871,359.9,4.300003,0
10.15885,-1.72087,22.29,55.38848,359.9,4.300003,0
10.18013,-1.72087,22.29,55.38848,359.9,4.300003,0
10.20076,-1.72087,22.29,55.38848,-2.445018E-05,4.400002,0
10.22071,-1.72087,22.29,55.38848,-2.445018E-05,4.400002,0
10.24107,-1.72087,22.29,55.38848,0.09997555,4.500003,-4.168823E-10
10.26192,-1.72087,22.29,55.38848,0.2999755,4.700003,8.337748E-10
10.28191,-1.72087,22.29,55.38848,0.2999755,4.700003,8.337748E-10
10.30282,-1.72087,22.29,55.38848,0.2999755,4.700003,8.337748E-10
10.32296,-1.72087,22.29,55.38848,0.2999755,4.700003,8.337748E-10
10.34407,-1.72087,22.29,55.38848,0.3999756,4.700003,0
10.36414,-1.72087,22.29,55.38848,0.6999756,4.500003,0
10.38398,-1.72087,22.29,55.38848,0.8999755,4.300002,3.335465E-09
10.40488,-1.72087,22.29,55.38848,1.099976,3.900003,3.335668E-09
10.42482,-1.72087,22.29,55.38848,1.299976,3.100003,0
10.44338,-1.72087,22.29,55.38848,1.399975,2.300003,0
10.46341,-1.72087,22.29,55.38848,1.499975,0.7000024,-8.340491E-10
10.48449,-1.72087,22.29,55.38848,1.499975,359.4,0
10.50314,-1.72087,22.29,55.38848,1.499976,357.1,0
10.52006,-1.72087,22.29,55.38848,1.499976,355.4,0
10.53595,-1.72087,22.29,55.38848,1.499976,353.6,6.672393E-09
10.55706,-1.72087,22.29,55.38848,1.199975,351.6,-6.67157E-09
10.57819,-1.72087,22.29,55.38848,0.6999756,348.6,6.670604E-09
10.59917,-1.72087,22.29,55.38848,0.4999756,346.6,0
10.61989,-1.72087,22.29,55.38848,359.9,344.3,0
10.64183,-1.72087,22.29,55.38848,359.7,342.7,0
10.66292,-1.72087,22.29,55.38848,359.4,341.9,0
10.68383,-1.72087,22.29,55.38848,359.1,341,-1.334186E-08
10.7057,-1.72087,22.29,55.38848,358.9,340.2,2.668535E-08
10.72693,-1.72087,22.29,55.38848,358.7,339.5,0
10.74796,-1.72087,22.29,55.38848,358.4,338.5,0
10.76982,-1.72087,22.29,55.38848,358,337,5.339338E-08
10.79087,-1.72087,22.29,55.38848,357.7,335.8,0
10.81169,-1.72087,22.29,55.38848,357.1,333.8,0
10.83358,-1.72087,22.29,55.38848,356.4,331.5,-5.346636E-08
10.85441,-1.72087,22.29,55.38848,356,329.8,-1.069823E-07
10.87544,-1.72087,22.29,55.38848,355.2,327.3,0
10.89514,-1.72087,22.29,55.38848,354.6,325.1,1.071974E-07
10.91608,-1.72087,22.29,55.38848,354.2,323.6,-1.072709E-07
10.93706,-1.72087,22.29,55.38848,353.7,321.9,0
10.95719,-1.72087,22.29,55.38848,353.4,320.9,0
10.97708,-1.72087,22.29,55.38848,353,319.4,0
10.99733,-1.72087,22.29,55.38848,352.7,318.5,-2.151876E-07
11.01798,-1.72087,22.29,55.38848,352.3,317.2,0
11.03814,-1.72087,22.29,55.38848,352.1,316.4,4.30977E-07
11.05817,-1.72087,22.29,55.38848,351.8,315.1,0
11.07813,-1.72087,22.29,55.38848,351.5,314.3,2.158139E-07
11.09817,-1.72087,22.29,55.38848,351.2,313.3,-2.159859E-07
11.11797,-1.72087,22.29,55.38848,351.1,312.7,0
11.13694,-1.72087,22.29,55.38848,350.9,312.1,0
11.15699,-1.72087,22.29,55.38848,350.7,311.7,0
11.17588,-1.72087,22.29,55.38848,350.6,311.6,4.326971E-07
11.19594,-1.72087,22.29,55.38848,350.5,311.4,0
11.21489,-1.72087,22.29,55.38848,350.5,311.4,0
11.23488,-1.72087,22.29,55.38848,350.5,311.4,0
11.25399,-1.72087,22.29,55.38848,350.5,311.4,0
11.27294,-1.72087,22.29,55.38848,350.5,311.4,0
11.29187,-1.72087,22.29,55.38848,350.5,311.4,0
11.31099,-1.72087,22.29,55.38848,350.5,311.4,0
11.33006,-1.72087,22.29,55.38848,350.5,311.4,0
11.34907,-1.72087,22.29,55.38848,350.5,311.4,0
11.36785,-1.72087,22.29,55.38848,350.5,311.4,0
11.38686,-1.72087,22.29,55.38848,350.5,311.4,0
11.40594,-1.72087,22.29,55.38848,350.5,311.4,0
11.42485,-1.72087,22.29,55.38848,350.5,311.4,0
11.44385,-1.72087,22.29,55.38848,350.5,311.4,0
11.46318,-1.72087,22.29,55.38848,350.5,311.4,0
11.48211,-1.72087,22.29,55.38848,350.5,311.4,0
11.50069,-1.72087,22.29,55.38848,350.5,311.4,0
11.52002,-1.72087,22.29,55.38848,350.5,311.4,0
11.5388,-1.72087,22.29,55.38848,350.5,311.4,0
11.55783,-1.72087,22.29,55.38848,350.5,311.4,0
11.57686,-1.72087,22.29,55.38848,350.5,311.4,0
11.59596,-1.72087,22.29,55.38848,350.5,311.4,0
11.61492,-1.72087,22.29,55.38848,350.5,311.4,0
11.63371,-1.72087,22.29,55.38848,350.5,311.4,0
11.65279,-1.72087,22.29,55.38848,350.5,311.4,0
11.6718,-1.72087,22.29,55.38848,350.5,311.4,0
11.6918,-1.72087,22.29,55.38848,350.5,311.4,0
11.71082,-1.72087,22.29,55.38848,350.5,311.4,0
11.73015,-1.72087,22.29,55.38848,350.5,311.4,0
11.74872,-1.72087,22.29,55.38848,350.5,311.4,0
11.76785,-1.72087,22.29,55.38848,350.5,311.4,0
11.78679,-1.72087,22.29,55.38848,350.5,311.4,0
11.80583,-1.72087,22.29,55.38848,350.5,311.4,0
11.82482,-1.72087,22.29,55.38848,350.5,311.4,0
11.84379,-1.72087,22.29,55.38848,350.5,311.4,0
11.86305,-1.72087,22.29,55.38848,350.5,311.4,0
11.88187,-1.72087,22.29,55.38848,350.5,311.4,0
11.90086,-1.72087,22.29,55.38848,350.5,311.4,0
11.9198,-1.72087,22.29,55.38848,350.5,311.4,0
11.93869,-1.72087,22.29,55.38848,350.5,311.4,0
11.95786,-1.72087,22.29,55.38848,350.5,311.4,0
11.97676,-1.72087,22.29,55.38848,350.5,311.4,0
11.99586,-1.72087,22.29,55.38848,350.5,311.4,0
12.01475,-1.72087,22.29,55.38848,350.5,311.4,0
12.03378,-1.72087,22.29,55.38848,350.5,311.4,0
12.05287,-1.72087,22.29,55.38848,350.5,311.4,0
12.07189,-1.72087,22.29,55.38848,350.5,311.4,0
12.09081,-1.72087,22.29,55.38848,350.5,311.4,0
12.10985,-1.72087,22.29,55.38848,350.5,311.4,0
12.1286,-1.72087,22.29,55.38848,350.5,311.4,0
12.14803,-1.72087,22.29,55.38848,350.5,311.4,0
12.16788,-1.72087,22.29,55.38848,350.5,311.4,0
12.18684,-1.72087,22.29,55.38848,350.5,311.4,0
12.20585,-1.72087,22.29,55.38848,350.5,311.4,0
12.22476,-1.72087,22.29,55.38848,350.5,311.4,0
12.24364,-1.72087,22.29,55.38848,350.5,311.4,0
12.26277,-1.72087,22.29,55.38848,350.5,311.4,0
12.28184,-1.72087,22.29,55.38848,350.5,311.4,0
12.30079,-1.72087,22.29,55.38848,350.5,311.4,0
12.31994,-1.72087,22.29,55.38848,350.5,311.4,0
12.33884,-1.72087,22.29,55.38848,350.5,311.4,0
12.35783,-1.72087,22.29,55.38848,350.5,311.4,0
12.37678,-1.72087,22.29,55.38848,350.5,311.4,0
12.396,-1.72087,22.29,55.38848,350.5,311.4,0
12.41463,-1.72087,22.29,55.38848,350.5,311.4,0
12.43376,-1.72087,22.29,55.38848,350.5,311.4,0
12.45285,-1.72087,22.29,55.38848,350.5,311.4,0
12.4718,-1.72087,22.29,55.38848,350.5,311.4,0
12.49085,-1.72087,22.29,55.38848,350.5,311.4,0
12.50997,-1.72087,22.29,55.38848,350.5,311.4,0
12.52899,-1.72087,22.29,55.38848,350.5,311.4,0
12.54789,-1.72087,22.29,55.38848,350.5,311.4,0
12.5669,-1.72087,22.29,55.38848,350.5,311.4,0
12.58579,-1.72087,22.29,55.38848,350.5,311.4,0
12.60473,-1.72087,22.29,55.38848,350.5,311.4,0
12.62392,-1.72087,22.29,55.38848,350.5,311.4,0
12.64287,-1.72087,22.29,55.38848,350.5,311.4,0
12.66193,-1.72087,22.29,55.38848,350.5,311.4,0
12.68106,-1.72087,22.29,55.38848,350.5,311.4,0
12.69987,-1.72087,22.29,55.38848,350.5,311.4,0
12.71893,-1.72087,22.29,55.38848,350.5,311.4,0
12.73778,-1.72087,22.29,55.38848,350.5,311.4,0
12.75694,-1.72087,22.29,55.38848,350.5,311.4,0
12.77566,-1.72087,22.29,55.38848,350.5,311.4,0
12.79506,-1.72087,22.29,55.38848,350.5,311.4,0
12.81395,-1.72087,22.29,55.38848,350.5,311.4,0
12.8329,-1.72087,22.29,55.38848,350.5,311.4,0
12.85192,-1.72087,22.29,55.38848,350.5,311.4,0
12.87084,-1.72087,22.29,55.38848,350.5,311.4,0
12.88994,-1.72087,22.29,55.38848,350.5,311.4,0
12.90896,-1.72087,22.29,55.38848,350.5,311.4,0
12.92791,-1.72087,22.29,55.38848,350.5,311.4,0
12.94695,-1.72087,22.29,55.38848,350.5,311.4,0
12.96585,-1.72087,22.29,55.38848,350.5,311.4,0
12.98471,-1.72087,22.29,55.38848,350.5,311.4,0
13.00399,-1.72087,22.29,55.38848,350.5,311.4,0
13.02281,-1.72087,22.29,55.38848,350.5,311.4,0
13.04171,-1.72087,22.29,55.38848,350.5,311.4,0
13.06099,-1.72087,22.29,55.38848,350.5,311.4,0
13.07999,-1.72087,22.29,55.38848,350.5,311.4,0
13.09898,-1.72087,22.29,55.38848,350.5,311.4,0
13.11797,-1.72087,22.29,55.38848,350.5,311.4,0
13.1368,-1.72087,22.29,55.38848,350.5,311.4,0
13.15591,-1.72087,22.29,55.38848,350.5,311.4,0
13.17496,-1.72087,22.29,55.38848,350.5,311.4,0
13.19388,-1.72087,22.29,55.38848,350.5,311.4,0
13.21299,-1.72087,22.29,55.38848,350.5,311.4,0
13.23185,-1.72087,22.29,55.38848,350.5,311.4,0
13.25089,-1.72087,22.29,55.38848,350.5,311.4,0
13.27003,-1.72087,22.29,55.38848,350.5,311.4,0
13.28894,-1.72087,22.29,55.38848,350.5,311.4,0
13.30788,-1.72087,22.29,55.38848,350.5,311.4,0
13.3269,-1.72087,22.29,55.38848,350.5,311.4,0
13.34595,-1.72087,22.29,55.38848,350.5,311.4,0
13.36519,-1.72087,22.29,55.38848,350.5,311.4,0
13.38404,-1.72087,22.29,55.38848,350.7,311.3,4.325727E-07
13.40313,-1.72087,22.29,55.38848,350.9,311.3,-2.161641E-07
13.42193,-1.72087,22.29,55.38848,351.6,311.3,2.15758E-07
13.44077,-1.72087,22.29,55.38848,352,311.4,-2.155411E-07
13.46096,-1.72087,22.29,55.38848,352.5,311.6,-2.152852E-07
13.48103,-1.72087,22.29,55.38848,353.2,311.8,-2.149555E-07
13.50092,-1.72087,22.29,55.38848,353.5,311.9,-2.148243E-07
13.52077,-1.72087,22.29,55.38848,353.6,311.9,-2.14782E-07
13.54095,-1.72087,22.29,55.38848,353.7,311.9,2.147402E-07
13.56084,-1.72087,22.29,55.38848,353.9,312,0
13.58113,-1.72087,22.29,55.38848,353.9,312,0
13.60088,-1.72087,22.29,55.38848,354.1,312.2,0
13.62108,-1.72087,22.29,55.38848,354.2,312.3,0
13.64087,-1.72087,22.29,55.38848,354.4,312.6,0
13.66102,-1.72087,22.29,55.38848,354.6,312.9,2.143949E-07
13.68123,-1.72087,22.29,55.38848,354.8,313.2,0
13.70098,-1.72087,22.29,55.38848,355,313.5,0
13.72088,-1.72087,22.29,55.38848,355,313.5,0
13.74203,-1.72087,22.29,55.38848,355,313.5,0
13.76196,-1.72087,22.29,55.38848,355.1,313.6,0
13.78185,-1.72087,22.29,55.38848,355.1,313.6,0
13.80184,-1.72087,22.29,55.38848,355.1,313.6,0
13.82188,-1.72087,22.29,55.38848,355.1,313.6,0
13.84191,-1.72087,22.29,55.38848,355.1,313.6,0
13.86191,-1.72087,22.29,55.38848,355.1,313.6,0
13.88289,-1.72087,22.29,55.38848,355.1,313.6,0
13.90294,-1.72087,22.29,55.38848,355.1,313.6,0
13.92287,-1.72087,22.29,55.38848,355.1,313.6,0
13.94291,-1.72087,22.29,55.38848,355.1,313.6,0
13.96293,-1.72087,22.29,55.38848,355.1,313.6,0
13.98306,-1.72087,22.29,55.38848,355.1,313.6,0
14.00288,-1.72087,22.29,55.38848,355.1,313.6,0
14.02293,-1.72087,22.29,55.38848,355.1,313.6,0
14.04297,-1.72087,22.29,55.38848,355.1,313.6,0
14.06308,-1.72087,22.29,55.38848,355.1,313.6,0
14.08291,-1.72087,22.29,55.38848,355.1,313.6,0
14.1028,-1.72087,22.29,55.38848,355.1,313.6,0
14.12279,-1.72087,22.29,55.38848,355.1,313.6,0
14.14287,-1.72087,22.29,55.38848,355.1,313.6,0
14.16304,-1.72087,22.29,55.38848,355.1,313.6,0
14.18287,-1.72087,22.29,55.38848,355.1,313.6,0
14.20389,-1.72087,22.29,55.38848,355.1,313.6,0
14.22369,-1.72087,22.29,55.38848,355.1,313.6,0
14.24379,-1.72087,22.29,55.38848,355.1,313.6,0
14.26404,-1.72087,22.29,55.38848,355.1,313.6,0
14.28393,-1.72087,22.29,55.38848,355.1,313.6,0
14.30385,-1.72087,22.29,55.38848,355.1,313.7,2.142263E-07
14.32411,-1.72087,22.29,55.38848,355.1,314.1,-1.071132E-07
14.34402,-1.72087,22.29,55.38848,355.1,315.6,0
14.36515,-1.72087,22.29,55.38848,355.1,316.9,0
14.385,-1.72087,22.29,55.38848,355.1,319.5,0
14.40615,-1.72087,22.29,55.38848,355.3,321.5,0
14.42619,-1.72087,22.29,55.38848,355.7,324.5,0
14.44647,-1.72087,22.29,55.38848,356,326.6,0
14.46637,-1.72087,22.29,55.38848,356.8,329.7,5.344418E-08
14.48744,-1.72087,22.29,55.38848,357.4,331.7,5.341584E-08
14.50786,-1.72087,22.29,55.38848,358.1,334.3,2.66951E-08
14.52876,-1.72087,22.29,55.38848,358.7,337,-2.668729E-08
14.54987,-1.72087,22.29,55.38848,359.2,338.6,1.334151E-08
14.57082,-1.72087,22.29,55.38848,359.9,341.2,0
14.59186,-1.72087,22.29,55.38848,0.1999779,342.8,0
14.61313,-1.72087,22.29,55.38848,0.7999778,345.1,6.670757E-09
14.63492,-1.72087,22.29,55.38848,1.499978,347.2,1.334479E-08
14.65594,-1.72087,22.29,55.38848,1.699978,348.5,1.334609E-08
14.678,-1.72087,22.29,55.38848,2.299978,350.3,0
14.69921,-1.72087,22.29,55.38848,2.599978,351.9,-1.335396E-08
14.72095,-1.72087,22.29,55.38848,2.999978,353.4,0
14.74208,-1.72087,22.29,55.38848,3.299978,354.5,1.336237E-08
14.76332,-1.72087,22.29,55.38848,3.699978,355.7,0
14.78392,-1.72087,22.29,55.38848,3.899979,356.6,0
14.80506,-1.72087,22.29,55.38848,4.099979,357,0
14.82563,-1.72087,22.29,55.38848,4.199979,357.4,0
14.84681,-1.72087,22.29,55.38848,4.199979,357.4,0
14.86868,-1.72087,22.29,55.38848,4.199979,357.5,-6.688067E-09
14.8898,-1.72087,22.29,55.38848,4.199979,357.5,-6.688067E-09
14.9107,-1.72087,22.29,55.38848,4.199979,357.5,-6.688067E-09
14.93183,-1.72087,22.29,55.38848,4.199979,357.5,-6.688067E-09
14.9527,-1.72087,22.29,55.38848,4.199979,357.5,-6.688067E-09
14.97374,-1.72087,22.29,55.38848,4.199979,357.5,-6.688067E-09
14.99485,-1.72087,22.29,55.38848,4.199979,357.5,-6.688067E-09
15.01579,-1.72087,22.29,55.38848,4.199979,357.5,-6.688067E-09
15.03661,-1.72087,22.29,55.38848,4.199979,357.5,-6.688067E-09
15.05776,-1.72087,22.29,55.38848,4.199979,357.5,-6.688067E-09
15.07886,-1.72087,22.29,55.38848,4.199979,357.5,-6.688067E-09
15.09981,-1.72087,22.29,55.38848,4.199979,357.5,-6.688067E-09
15.12065,-1.72087,22.29,55.38848,4.199979,357.5,-6.688067E-09
15.14153,-1.72087,22.29,55.38848,4.199979,357.5,-6.688067E-09
15.16284,-1.72087,22.29,55.38848,4.199979,357.5,-6.688067E-09
15.18372,-1.72087,22.29,55.38848,4.199979,357.5,-6.688067E-09
15.20475,-1.72087,22.29,55.38848,4.199979,357.5,-6.688067E-09
15.2257,-1.72087,22.29,55.38848,4.199979,357.5,-6.688067E-09
15.24696,-1.72436,22.29,55.46841,4.199979,357.5,-6.688067E-09
15.26762,-1.731339,22.29,55.62825,4.199979,357.5,-6.688067E-09
15.28855,-1.734828,22.29,55.70818,4.199979,357.5,-6.688067E-09
15.3097,-1.738318,22.29,55.7881,4.199979,357.5,-6.688067E-09
15.33075,-1.741808,22.29,55.86803,4.199979,357.5,-6.688067E-09
15.35147,-1.745297,22.29,55.94795,4.199979,357.5,-6.688067E-09
15.37247,-1.748787,22.29,56.02787,4.199979,357.5,-6.688067E-09
15.39245,-1.752276,22.29,56.1078,4.199979,357.5,-6.688067E-09
15.41373,-1.755766,22.29,56.18772,4.199979,357.5,-6.688067E-09
15.43351,-1.759255,22.29,56.26765,4.199979,357.5,-6.688067E-09
15.45351,-1.762745,22.29,56.34757,4.199979,357.5,-6.688067E-09
15.47456,-1.766235,22.29,56.42749,4.199979,357.5,-6.688067E-09
15.49459,-1.769724,22.29,56.50742,4.199979,357.5,-6.688067E-09
15.51449,-1.773214,22.29,56.58734,4.199979,357.5,-6.688067E-09
15.53435,-1.776703,22.29,56.66727,4.199979,357.5,-6.688067E-09
15.55303,-1.780193,22.29,56.74719,4.199979,357.5,-6.688067E-09
15.57182,-1.783682,22.29,56.82711,4.199979,357.5,-6.688067E-09
15.5918,-1.787172,22.29,56.90704,4.199979,357.5,-6.688067E-09
15.60773,-1.790661,22.29,56.98696,4.199979,357.5,-6.688067E-09
15.62283,-1.790661,22.29,56.98696,4.199979,357.5,-6.688067E-09
15.63861,-1.794151,22.29,57.06688,4.199979,357.5,-6.688067E-09
15.65378,-1.785627,22.29,57.10941,4.199979,357.5,-6.688067E-09
15.6686,-1.764129,22.29,57.11696,4.199979,357.5,-6.688067E-09
15.68379,-1.764129,22.29,57.11696,4.29998,357.6,0
15.69861,-1.739782,22.29,57.12725,4.39998,357.6,6.689823E-09
15.71351,-1.712356,22.29,57.1407,4.499979,357.7,-6.690732E-09
15.72984,-1.681852,22.29,57.15821,4.599979,357.8,-6.691661E-09
15.74665,-1.681852,22.29,57.15821,4.699979,357.9,-6.692611E-09
15.76364,-1.648494,22.29,57.18084,4.699979,357.9,-6.692611E-09
15.77986,-1.612833,22.29,57.20976,4.799979,358,-6.693582E-09
15.79667,-1.575903,22.29,57.24607,4.799979,358,-6.693582E-09
15.81328,-1.539293,22.29,57.29095,4.799979,358,-6.693582E-09
15.82999,-1.505168,22.29,57.34514,4.799979,358,-6.693582E-09
15.84683,-1.505168,22.29,57.34514,4.799979,358,-6.693582E-09
15.86377,-1.47627,22.29,57.4087,4.799979,358,-6.693582E-09
15.88009,-1.455679,22.29,57.48061,4.799979,358,-6.693582E-09
15.89682,-1.429204,22.29,57.54927,4.799979,358,-6.693582E-09
15.91345,-1.402729,22.29,57.61794,4.799979,358,-6.693582E-09
15.92999,-1.376254,22.29,57.68661,4.799979,358,-6.693582E-09
15.9468,-1.376254,22.29,57.68661,4.799979,358,-6.693582E-09
15.96374,-1.34974,22.29,57.75538,4.899979,358.2,-1.338914E-08
15.98021,-1.34974,22.29,57.75538,4.999978,358.5,6.695585E-09
15.99691,-1.34974,22.29,57.75538,5.099978,358.8,3.348309E-09
16.01369,-1.34974,22.29,57.75538,5.199978,359.2,-3.348835E-09
16.03006,-1.34974,22.29,57.75538,5.299978,359.4,0
16.04666,-1.34974,22.29,57.75538,5.299979,359.5,0
16.06349,-1.34974,22.29,57.75538,5.399979,359.9,0
16.08013,-1.34974,22.29,57.75538,5.499979,0.09999544,0
16.09675,-1.34974,22.29,57.75538,5.499978,0.3999954,0
16.11348,-1.34974,22.29,57.75538,5.599979,0.6999955,3.351046E-09
16.13005,-1.34974,22.29,57.75538,5.699979,0.9999953,-3.351625E-09
16.14708,-1.34974,22.29,57.75538,5.79998,1.399995,0
16.16366,-1.34974,22.29,57.75538,5.89998,1.899996,0
16.18014,-1.34974,22.29,57.75538,5.999979,2.099995,6.706848E-09
16.19744,-1.34974,22.29,57.75538,6.09998,2.399995,0
16.21605,-1.34974,22.29,57.75538,6.19998,2.699995,-1.34187E-08
16.23254,-1.34974,22.29,57.75538,6.19998,2.899995,0
16.26596,-1.34974,22.29,57.75538,6.19998,2.999995,1.34187E-08
16.2825,-1.34974,22.29,57.75538,6.299981,3.499995,0
16.29912,-1.34974,22.29,57.75538,6.399981,3.899995,0
16.31586,-1.34974,22.29,57.75538,6.59998,4.399995,0
16.33224,-1.34974,22.29,57.75538,6.699981,4.799995,-2.686389E-08
16.34919,-1.34974,22.29,57.75538,6.79998,5.099995,0
16.38261,-1.34974,22.29,57.75538,6.799981,5.299995,0
16.39924,-1.34974,22.29,57.75538,6.899981,5.599996,0
16.4156,-1.328805,22.29,57.82993,6.899981,5.599996,0
16.43216,-1.301183,22.29,57.90195,6.89998,5.699995,0
16.44893,-1.273435,22.29,57.97392,6.89998,5.699995,0
16.48242,-1.245687,22.29,58.04589,6.89998,5.699995,0
16.49904,-1.21805,22.29,58.11794,6.89998,5.799996,0
16.53261,-1.162626,22.29,58.26207,6.999979,5.899996,-2.688079E-08
16.54904,-1.144464,22.29,58.33905,6.999979,5.899996,-2.688079E-08
16.56564,-1.144464,22.29,58.33905,6.999979,5.899996,-2.688079E-08
16.59917,-1.127739,22.29,58.49818,6.999981,5.999996,0
16.61544,-1.119377,22.29,58.57774,6.999981,5.999996,0
16.64883,-1.102653,22.29,58.73686,6.999981,5.999996,0
16.66546,-1.102653,22.29,58.73686,6.999981,5.999996,0
16.69904,-1.085928,22.29,58.89599,6.999981,5.999996,0
16.71538,-1.077566,22.29,58.97555,6.999981,5.999996,0
16.74861,-1.060841,22.29,59.13467,6.999981,5.999996,0
16.76539,-1.060841,22.29,59.13467,6.999981,5.999996,0
16.79879,-1.044117,22.29,59.2938,6.999981,5.999996,0
16.8153,-1.035754,22.29,59.37336,6.999981,5.999996,0
16.84886,-1.01903,22.29,59.53248,6.999981,5.999996,0
16.86514,-1.01903,22.29,59.53248,7.09998,6.099995,0
16.89847,-1.002861,22.29,59.69166,7.39998,5.799995,2.690451E-08
16.91471,-0.9964451,22.29,59.7714,7.899979,4.599995,2.693606E-08
16.94798,-0.9855626,22.29,59.93103,8.099978,3.899995,0
16.95076,-0.9855626,22.29,59.93103,8.899981,2.099995,1.350279E-08
16.96289,-0.9855626,22.29,59.93103,8.899981,2.099995,1.350279E-08
16.97954,-0.9836081,22.29,60.01101,9.199981,1.399995,-1.351405E-08
16.99633,-0.9829099,22.29,60.09101,9.499979,0.499995,0
17.01309,-0.9833288,22.29,60.17101,9.89998,359.7,-1.692733E-09
17.02995,-0.984725,22.29,60.25099,10.19998,359,0
17.04601,-0.984725,22.29,60.25099,10.79998,358.2,-1.358076E-08
17.06478,-0.9883541,22.29,60.33091,10.99998,357.4,0
17.08196,-0.9928198,22.29,60.41079,11.19998,356.8,0
17.0979,-0.9984003,22.29,60.49059,11.39998,356,2.721739E-08
17.11465,-0.9984003,22.29,60.49059,11.59998,354.9,0
17.13164,-0.9984003,22.29,60.49059,11.59998,353.5,1.089469E-07
17.14846,-0.9984003,22.29,60.49059,11.59998,351.1,1.089469E-07
17.16498,-0.9984003,22.29,60.49059,11.19998,349.4,0
17.19853,-0.9984003,22.29,60.49059,10.79998,347.7,0
17.20306,-0.9984003,22.29,60.49059,9.799985,344,0
17.22145,-0.9984003,22.29,60.49059,9.699985,343.1,-1.082696E-07
17.24033,-0.9984003,22.29,60.49059,9.199986,341.4,-1.081124E-07
17.25935,-0.9984003,22.29,60.49059,8.699985,339.6,-1.079639E-07
17.27716,-0.9984003,22.29,60.49059,7.999985,337.1,-1.077705E-07
17.29625,-0.9984003,22.29,60.49059,7.499985,335.4,0
17.31406,-0.9984003,22.29,60.49059,6.999984,333.7,1.075232E-07
17.33317,-0.9984003,22.29,60.49059,6.599985,332.1,0
17.35116,-0.9984003,22.29,60.49059,5.999985,329.6,0
17.36905,-0.9984003,22.29,60.49059,5.699985,328,0
17.38831,-0.9984003,22.29,60.49059,5.499984,326.6,1.072153E-07
17.40711,-0.9984003,22.29,60.49059,5.099985,324.8,1.071459E-07
17.42507,-0.9984003,22.29,60.49059,4.899985,323.8,0
17.44434,-0.9984003,22.29,60.49059,4.599984,322.9,0
17.4622,-0.9984003,22.29,60.49059,4.499984,321.7,2.141034E-07
17.48119,-0.9984003,22.29,60.49059,4.399984,321,-2.140743E-07
17.50018,-0.9984003,22.29,60.49059,4.299984,320.5,1.07023E-07
17.51817,-0.9984003,22.29,60.49059,4.199984,319.6,1.070091E-07
17.53707,-0.9984003,22.29,60.49059,3.999984,319.1,0
17.55617,-0.9984003,22.29,60.49059,3.899983,318.5,0
17.57387,-0.9984003,22.29,60.49059,3.599984,317.4,-1.069327E-07
17.59311,-0.9984003,22.29,60.49059,3.499983,316.7,0
17.61123,-0.9984003,22.29,60.49059,3.399983,316,0
17.63025,-0.9984003,22.29,60.49059,3.299983,315,0
17.64815,-0.9984003,22.29,60.49059,3.199984,314.4,0
17.66724,-0.9984003,22.29,60.49059,3.099983,313.9,1.068781E-07
17.68492,-0.9984003,22.29,60.49059,3.099984,313.3,0
17.70394,-0.9984003,22.29,60.49059,2.999984,313.1,0
17.72193,-0.9984003,22.29,60.49059,2.999984,313.1,0
17.74101,-0.9984003,22.29,60.49059,2.999984,313.1,0
17.75961,-0.9984003,22.29,60.49059,2.999984,313.1,0
17.77822,-0.9984003,22.29,60.49059,2.999984,313.1,0
17.79608,-0.9984003,22.29,60.49059,2.999984,313.1,0
17.81387,-0.9984003,22.29,60.49059,2.999984,313.1,0
17.83197,-0.9984003,22.29,60.49059,2.999984,313.1,0
17.85076,-0.9984003,22.29,60.49059,2.999984,313.1,0
17.86885,-0.9984003,22.29,60.49059,2.999984,313.1,0
17.8878,-0.9984003,22.29,60.49059,2.999984,313.1,0
17.90581,-0.9984003,22.29,60.49059,2.999984,313.1,0
17.9239,-0.9984003,22.29,60.49059,2.999984,313.1,0
17.94193,-0.9984003,22.29,60.49059,2.999984,313.1,0
17.96109,-0.9984003,22.29,60.49059,2.999984,313.1,0
17.97926,-0.9984003,22.29,60.49059,2.999984,313.1,0
17.99713,-0.9984003,22.29,60.49059,2.999984,313.1,0
18.01495,-0.9984003,22.29,60.49059,2.999984,313.1,0
18.03397,-0.9984003,22.29,60.49059,2.999984,313.1,0
18.05192,-0.9984003,22.29,60.49059,2.999984,313.1,0
18.07,-0.9984003,22.29,60.49059,2.999984,313.1,0
18.08804,-0.9984003,22.29,60.49059,2.999984,313.1,0
18.1072,-0.9984003,22.29,60.49059,2.999984,313.1,0
18.12488,-0.9984003,22.29,60.49059,3.399984,313.2,0
18.14294,-0.9984003,22.29,60.49059,4.199983,313.2,1.070091E-07
18.16107,-0.9984003,22.29,60.49059,4.499984,313.2,-1.070517E-07
18.18017,-0.9984003,22.29,60.49059,4.899984,313.4,-1.071132E-07
18.19901,-0.9984003,22.29,60.49059,5.999984,313.4,0
18.21688,-0.9984003,22.29,60.49059,7.299984,312.7,0
18.23611,-0.9984003,22.29,60.49059,8.899985,311.2,0
18.25496,-0.9984003,22.29,60.49059,12.19998,308.7,0
18.27311,-0.9984003,22.29,60.49059,14.49999,306.9,-4.409315E-07
18.29219,-0.9984003,22.29,60.49059,16.89999,305.3,4.461545E-07
18.31201,-0.9984003,22.29,60.49059,19.99999,303.9,-9.085668E-07
18.33121,-0.9984003,22.29,60.49059,21.29999,303.5,0
18.35102,-0.9984003,22.29,60.49059,22.69999,303.1,-9.254615E-07
18.37112,-0.9984003,22.29,60.49059,23.09999,303.1,-9.281947E-07
18.39219,-0.9984003,22.29,60.49059,23.29999,303.2,-9.295844E-07
18.41212,-0.9984003,22.29,60.49059,23.29999,303.2,-9.295844E-07
18.43193,-0.9984003,22.29,60.49059,23.39999,303.3,9.302852E-07
18.45309,-0.9984003,22.29,60.49059,23.39999,303.3,9.302852E-07
18.47311,-0.9984003,22.29,60.49059,23.39999,303.3,9.302852E-07
18.494,-0.9984003,22.29,60.49059,23.39999,303.3,9.302852E-07
18.51409,-0.9984003,22.29,60.49059,23.39999,303.3,9.302852E-07
18.53408,-0.9984003,22.29,60.49059,23.39999,303.3,9.302852E-07
18.55408,-0.9984003,22.29,60.49059,23.39999,303.3,9.302852E-07
18.5749,-0.9984003,22.29,60.49059,23.39999,303.3,9.302852E-07
18.59514,-0.9984003,22.29,60.49059,23.39999,303.3,9.302852E-07
18.61503,-0.9984003,22.29,60.49059,23.39999,303.3,9.302852E-07
18.63601,-0.9984003,22.29,60.49059,23.39999,303.3,9.302852E-07
18.656,-0.9984003,22.29,60.49059,23.39999,303.3,9.302852E-07
18.6771,-0.9984003,22.29,60.49059,23.39999,303.3,9.302852E-07
18.69743,-0.9984003,22.29,60.49059,23.39999,303.3,9.302852E-07
18.71802,-0.9984003,22.29,60.49059,23.39999,303.3,9.302852E-07
18.73812,-0.9984003,22.29,60.49059,23.39999,303.3,9.302852E-07
18.75904,-0.9984003,22.29,60.49059,23.39999,303.3,9.302852E-07
18.77936,-0.9984003,22.29,60.49059,23.39999,303.3,9.302852E-07
18.799,-0.9984003,22.29,60.49059,23.39999,303.3,9.302852E-07
18.82001,-0.9984003,22.29,60.49059,23.39999,303.3,9.302852E-07
18.84004,-0.9984003,22.29,60.49059,23.39999,303.3,9.302852E-07
18.85999,-0.9984003,22.29,60.49059,23.39999,303.3,9.302852E-07
18.88106,-0.9984003,22.29,60.49059,23.39999,303.3,9.302852E-07
18.90105,-0.9984003,22.29,60.49059,23.39999,303.3,9.302852E-07
18.92098,-0.9984003,22.29,60.49059,23.39999,303.3,9.302852E-07
18.94193,-0.9984003,22.29,60.49059,23.39999,303.3,9.302852E-07
18.9621,-0.9984003,22.29,60.49059,23.39999,303.3,9.302852E-07
18.98204,-0.9984003,22.29,60.49059,23.39999,303.3,9.302852E-07
19.00199,-0.9984003,22.29,60.49059,23.39999,303.3,9.302852E-07
19.02306,-0.9984003,22.29,60.49059,23.39999,303.3,9.302852E-07
19.043,-0.9984003,22.29,60.49059,23.39999,303.3,9.302852E-07
19.06321,-0.9984003,22.29,60.49059,23.39999,303.3,9.302852E-07
19.08444,-0.9984003,22.29,60.49059,23.39999,303.4,0
19.10415,-0.9984003,22.29,60.49059,22.99999,303.9,0
19.12426,-0.9984003,22.29,60.49059,22.49999,304.3,9.241178E-07
19.14506,-0.9984003,22.29,60.49059,21.19999,305,0
19.16524,-0.9984003,22.29,60.49059,20.09999,305.5,9.091457E-07
19.18606,-0.9984003,22.29,60.49059,18.09999,306.6,-4.491107E-07
19.20601,-0.9984003,22.29,60.49059,16.7,307.4,8.913692E-07
19.22584,-0.9984003,22.29,60.49059,13.69999,308.6,0
19.24529,-0.9984003,22.29,60.49059,11.99999,309.4,0
19.26521,-0.9984003,22.29,60.49059,9.899992,310.4,0
19.28397,-0.9984003,22.29,60.49059,8.699993,310.9,4.318557E-07
19.30399,-0.9984003,22.29,60.49059,7.199993,311.4,0
19.32306,-0.9984003,22.29,60.49059,6.699991,311.7,0
19.34189,-0.9984003,22.29,60.49059,6.099992,312.1,0
19.36089,-0.9984003,22.29,60.49059,5.699992,312.4,2.14504E-07
19.38008,-0.9984003,22.29,60.49059,5.199992,312.8,2.143255E-07
19.39901,-0.9984003,22.29,60.49059,4.499992,313.2,0
19.41784,-0.9984003,22.29,60.49059,3.699992,313.7,-1.069446E-07
19.43703,-0.9984003,22.29,60.49059,3.299992,314,1.06899E-07
19.45608,-0.9984003,22.29,60.49059,2.799993,314.4,0
19.47377,-0.9984003,22.29,60.49059,2.399992,314.7,0
19.49296,-0.9984003,22.29,60.49059,2.199993,314.9,0
19.51093,-0.9984003,22.29,60.49059,1.899993,315.1,0
19.52999,-0.9984003,22.29,60.49059,1.799993,315.1,0
19.54798,-0.9984003,22.29,60.49059,1.699993,315.2,5.338435E-08
19.56705,-0.9984003,22.29,60.49059,1.499992,315.3,0
19.585,-0.9984003,22.29,60.49059,1.399993,315.3,0
19.60297,-0.9984003,22.29,60.49059,1.299993,315.4,0
19.62084,-0.9984003,22.29,60.49059,1.299993,315.4,0
19.6389,-0.9984003,22.29,60.49059,1.299993,315.4,0
19.65797,-0.9984003,22.29,60.49059,1.299993,315.4,0
19.67603,-0.9984003,22.29,60.49059,1.299993,315.4,0
19.69399,-0.9984003,22.29,60.49059,1.299993,315.4,0
19.71189,-0.9984003,22.29,60.49059,1.299993,315.4,0
19.73015,-0.9984003,22.29,60.49059,1.299993,315.4,0
19.74802,-0.9984003,22.29,60.49059,1.299993,315.4,0
19.76593,-0.9984003,22.29,60.49059,1.299993,315.4,0
19.78396,-0.9984003,22.29,60.49059,1.299993,315.4,0
19.80197,-0.9984003,22.29,60.49059,1.299993,315.4,0
19.81982,-0.9984003,22.29,60.49059,1.299993,315.4,0
19.83808,-0.9984003,22.29,60.49059,1.299993,315.4,0
19.8559,-0.9984003,22.29,60.49059,1.299993,315.4,0
19.87386,-0.9984003,22.29,60.49059,1.299993,315.4,0
19.8919,-0.9984003,22.29,60.49059,1.299993,315.4,0
19.90993,-0.9984003,22.29,60.49059,1.299993,315.4,0
19.92819,-0.9984003,22.29,60.49059,1.299993,315.4,0
19.94606,-0.9984003,22.29,60.49059,1.299993,315.4,0
19.96388,-0.9984003,22.29,60.49059,1.299993,315.4,0
19.98189,-0.9984003,22.29,60.49059,1.299993,315.4,0
19.9999,-0.9984003,22.29,60.49059,1.299993,315.4,0
20.01802,-0.9984003,22.29,60.49059,1.299993,315.4,0
20.03577,-0.9984003,22.29,60.49059,1.299993,315.4,0
20.05384,-0.9984003,22.29,60.49059,1.299993,315.4,0
20.0719,-0.9984003,22.29,60.49059,1.299993,315.4,0
20.08974,-0.9984003,22.29,60.49059,1.299993,315.4,0
20.10797,-0.9984003,22.29,60.49059,1.299993,315.4,0
20.12587,-0.9984003,22.29,60.49059,1.299993,315.4,0
20.14399,-0.9984003,22.29,60.49059,1.299993,315.4,0
20.16192,-0.9984003,22.29,60.49059,1.299993,315.4,0
20.18003,-0.9984003,22.29,60.49059,1.299993,315.4,0
20.19806,-0.9984003,22.29,60.49059,1.299993,315.4,0
20.21588,-0.9984003,22.29,60.49059,1.299993,315.4,0
20.23387,-0.9984003,22.29,60.49059,1.299993,315.4,0
20.25293,-0.9984003,22.29,60.49059,1.299993,315.4,0
20.27094,-0.9984003,22.29,60.49059,1.099993,315.6,0
20.28927,-0.9984003,22.29,60.49059,0.9999928,315.9,2.668449E-08
20.30711,-0.9984003,22.29,60.49059,0.899993,316.3,0
20.3252,-0.9984003,22.29,60.49059,0.899993,317.2,2.668371E-08
20.34419,-0.9984003,22.29,60.49059,0.7999928,317.7,0
20.36214,-0.9984003,22.29,60.49059,0.6999929,318.4,-2.668242E-08
20.38033,-0.9984003,22.29,60.49059,0.699993,318.8,0
20.39814,-0.9984003,22.29,60.49059,0.6999929,319.6,0
20.41599,-0.9984003,22.29,60.49059,0.6999929,320.1,-2.668242E-08
20.43396,-0.9984003,22.29,60.49059,0.699993,320.7,0
20.45214,-0.9984003,22.29,60.49059,0.699993,321.3,2.668241E-08
20.47007,-0.9984003,22.29,60.49059,0.6999928,322.5,1.334121E-08
20.488,-0.9984003,22.29,60.49059,0.6999929,323.4,-1.334121E-08
20.50608,-0.9984003,22.29,60.49059,0.699993,324.1,-1.334121E-08
20.52522,-0.9984003,22.29,60.49059,0.6999928,324.9,-1.334121E-08
20.54306,-0.9984003,22.29,60.49059,0.6999928,325.9,-1.334121E-08
20.56103,-0.9984003,22.29,60.49059,0.699993,326.4,0
20.57925,-0.9984003,22.29,60.49059,0.6999929,327,-2.668242E-08
20.59731,-0.9984003,22.29,60.49059,0.699993,328,0
20.61603,-0.9984003,22.29,60.49059,0.6999927,328.6,1.334121E-08
20.63413,-0.9984003,22.29,60.49059,0.699993,329.3,-2.668241E-08
20.65211,-0.9984003,22.29,60.49059,0.6999928,330.1,1.334121E-08
20.67118,-0.9984003,22.29,60.49059,0.6999928,331.3,0
20.68932,-0.9984003,22.29,60.49059,0.6999929,332.2,0
20.70822,-0.9984003,22.29,60.49059,0.6999929,332.9,0
20.72606,-0.9984003,22.29,60.49059,0.6999929,334.1,1.334121E-08
20.74425,-0.9984003,22.29,60.49059,0.6999928,334.9,1.334121E-08
20.76342,-0.9984003,22.29,60.49059,0.699993,335.8,0
20.78107,-0.9984003,22.29,60.49059,0.7999929,337.2,0
20.80024,-0.9984003,22.29,60.49059,0.9999928,338.2,0
20.81842,-0.9984003,22.29,60.49059,1.099993,339.1,0
20.83728,-0.9984003,22.29,60.49059,1.199993,339.9,-1.334314E-08
20.8555,-0.9984003,22.29,60.49059,1.299993,340.6,0
20.87412,-0.9984003,22.29,60.49059,1.299993,340.9,1.334365E-08
20.89331,-0.9984003,22.29,60.49059,1.399993,341.4,-1.33442E-08
20.91229,-0.9984003,22.29,60.49059,1.499993,342,2.668957E-08
20.93119,-0.9984003,22.29,60.49059,1.499993,342.4,0
20.94912,-0.9984003,22.29,60.49059,1.699993,343.1,0
20.96812,-0.9984003,22.29,60.49059,1.699993,343.5,0
20.98736,-0.9984003,22.29,60.49059,1.799993,343.9,0
21.00641,-0.9984003,22.29,60.49059,1.899993,344.3,2.66951E-08
21.02533,-0.9984003,22.29,60.49059,1.899993,344.4,0
21.04441,-0.9984003,22.29,60.49059,1.899993,344.5,2.66951E-08
21.0634,-0.9984003,22.29,60.49059,1.999993,344.7,-2.669669E-08
21.08232,-0.9984003,22.29,60.49059,1.999993,344.7,-2.669669E-08
21.10132,-0.9984003,22.29,60.49059,1.999993,344.8,-2.669669E-08
21.12024,-0.9984003,22.29,60.49059,1.999993,344.9,0
21.13839,-0.9984003,22.29,60.49059,0.6999927,343.9,-6.670604E-09
21.15741,-0.9984003,22.29,60.49059,0.2999927,343.4,-3.335099E-09
21.17609,-0.9984003,22.29,60.49059,0.2999927,343.4,-3.335099E-09
21.19549,-0.9984003,22.29,60.49059,0.2999927,343.4,-3.335099E-09
21.21425,-0.9984003,22.29,60.49059,0.2999927,343.4,-3.335099E-09
21.23314,-0.9984003,22.29,60.49059,0.2999927,343.4,-3.335099E-09
21.2512,-0.9984003,22.29,60.49059,0.2999927,343.4,-3.335099E-09
21.27015,-0.9984003,22.29,60.49059,0.2999927,343.4,-3.335099E-09
21.28824,-0.9984003,22.29,60.49059,0.2999927,343.4,-3.335099E-09
21.30721,-0.9984003,22.29,60.49059,0.2999927,343.4,-3.335099E-09
21.32618,-0.9984003,22.29,60.49059,0.2999927,343.4,-3.335099E-09
21.34516,-0.9984003,22.29,60.49059,0.2999927,343.4,-3.335099E-09
21.36335,-0.9984003,22.29,60.49059,0.2999927,343.4,-3.335099E-09
21.38218,-0.9984003,22.29,60.49059,0.2999927,343.4,-3.335099E-09
21.40026,-0.9984003,22.29,60.49059,0.2999927,343.4,-3.335099E-09
21.41929,-0.9984003,22.29,60.49059,0.2999927,343.4,-3.335099E-09
21.43716,-0.9984003,22.29,60.49059,0.2999927,343.4,-3.335099E-09
21.45615,-0.9984003,22.29,60.49059,0.2999927,343.4,-3.335099E-09
21.47516,-0.9984003,22.29,60.49059,0.2999927,343.4,-3.335099E-09
21.49323,-0.9984003,22.29,60.49059,0.2999927,343.4,-3.335099E-09
21.5124,-0.9984003,22.29,60.49059,0.2999927,343.4,-3.335099E-09
21.53033,-0.9984003,22.29,60.49059,0.2999927,343.4,-3.335099E-09
21.54936,-0.9984003,22.29,60.49059,0.2999927,343.4,-3.335099E-09
21.56825,-0.9984003,22.29,60.49059,0.2999927,343.4,-3.335099E-09
21.58621,-0.9984003,22.29,60.49059,0.2999927,343.4,-3.335099E-09
21.60511,-0.9984003,22.29,60.49059,0.2999927,343.4,-3.335099E-09
21.62414,-0.9984003,22.29,60.49059,0.2999927,343.4,-3.335099E-09
21.64214,-0.9984003,22.29,60.49059,0.2999927,343.4,-3.335099E-09
21.66116,-0.9984003,22.29,60.49059,0.2999927,343.4,-3.335099E-09
21.6795,-0.9984003,22.29,60.49059,0.2999927,343.4,-3.335099E-09
21.69842,-0.9984003,22.29,60.49059,0.2999927,343.5,-3.335099E-09
21.71621,-0.9984003,22.29,60.49059,0.2999927,343.5,-3.335099E-09
21.73525,-0.9984003,22.29,60.49059,0.2999927,343.5,-3.335099E-09
21.75426,-0.9984003,22.29,60.49059,0.4999928,343.7,0
21.77249,-0.9984003,22.29,60.49059,0.4999928,344,0
21.7914,-0.9984003,22.29,60.49059,0.5999928,344.6,-6.670473E-09
21.81041,-0.9984003,22.29,60.49059,0.5999928,345.1,0
21.82973,-0.9984003,22.29,60.49059,0.5999928,345.5,0
21.84848,-0.9984003,22.29,60.49059,0.5999928,346.2,0
21.86755,-0.9984003,22.29,60.49059,0.5999928,346.8,0
21.88611,-0.9984003,22.29,60.49059,0.5999928,347.3,0
21.90535,-0.9984003,22.29,60.49059,0.5999928,347.6,0
21.92443,-0.9984003,22.29,60.49059,0.5999928,347.8,0
21.94333,-0.9984003,22.29,60.49059,0.5999928,348.4,0
21.96237,-0.9984003,22.29,60.49059,0.4999928,349,-3.335181E-09
21.98143,-0.9984003,22.29,60.49059,0.2999927,349.9,0
22.00044,-0.9984003,22.29,60.49059,0.2999928,351.3,-1.667549E-09
22.01964,-0.9984003,22.29,60.49059,0.2999927,352.5,0
22.03842,-0.9984003,22.29,60.49059,0.2999927,354.4,1.667549E-09
22.05441,-0.9984003,22.29,60.49059,0.2999927,355.5,0
22.07333,-0.9984003,22.29,60.49059,0.2999927,356.4,0
22.09222,-0.9984003,22.29,60.49059,0.2999927,357.3,0
22.1073,-0.9984003,22.29,60.49059,0.2999927,358.3,-4.168874E-10
22.12224,-0.9984003,22.29,60.49059,0.3999928,358.8,0
22.13721,-0.9984003,22.29,60.49059,0.4999928,359,-4.168975E-10
22.15124,-0.9984003,22.29,60.49059,0.4999928,359.3,-2.084488E-10
22.16513,-0.9984003,22.29,60.49059,0.4999928,359.6,-1.042244E-10
22.17917,-0.9984003,22.29,60.49059,0.4999928,-1.409791E-05,-6.361351E-15
22.19651,-0.9984003,22.29,60.49059,0.4999928,0.2999859,1.042244E-10
22.2127,-0.9984003,22.29,60.49059,0.4999928,0.5999858,2.084488E-10
22.22944,-0.9984003,22.29,60.49059,0.4999928,1.099986,4.168975E-10
22.2459,-0.9984003,22.29,60.49059,0.4999928,1.799986,0
22.26256,-0.9984003,22.29,60.49059,0.5999928,2.499986,-8.338091E-10
22.27942,-0.9984003,22.29,60.49059,0.5999929,2.999986,0
22.29587,-0.9984003,22.29,60.49059,0.6999927,3.299986,-1.667651E-09
22.31271,-0.9984003,22.29,60.49059,0.6999927,3.699986,0
22.3299,-0.9984003,22.29,60.49059,0.6999927,4.199986,0
22.34634,-0.9984003,22.29,60.49059,0.6999927,4.699986,0
22.36267,-0.9984003,22.29,60.49059,0.6999929,5.199986,3.335302E-09
22.38194,-0.9984003,22.29,60.49059,0.8999928,5.999986,0
22.39837,-0.9984003,22.29,60.49059,0.8999929,6.299986,0
22.41499,-0.9984003,22.29,60.49059,0.8999927,6.499986,0
22.43157,-0.9984003,22.29,60.49059,0.999993,6.699986,0
22.44834,-0.9984003,22.29,60.49059,0.9999927,6.899987,0
22.4652,-0.9984003,22.29,60.49059,0.999993,7.099987,0
22.48168,-0.9984003,22.29,60.49059,0.9999928,7.399987,0
22.49835,-0.9984003,22.29,60.49059,0.9999928,7.699986,-6.671123E-09
22.5151,-0.9984003,22.29,60.49059,0.9999928,8.099986,6.671122E-09
22.53152,-0.9984003,22.29,60.49059,1.099993,8.599986,0
22.54841,-0.9984003,22.29,60.49059,1.199993,8.799984,0
22.56503,-0.9984003,22.29,60.49059,1.199993,9.099986,0
22.58178,-0.9984003,22.29,60.49059,1.299993,9.299985,0
22.59841,-0.9984003,22.29,60.49059,1.299993,9.499986,0
22.6151,-0.9984003,22.29,60.49059,1.399993,9.699985,1.33442E-08
22.63152,-0.9984003,22.29,60.49059,1.399993,9.699985,1.33442E-08
22.64824,-0.9984003,22.29,60.49059,1.399993,9.699985,1.33442E-08
22.66486,-0.9984003,22.29,60.49059,1.399993,9.699985,1.33442E-08
22.68159,-0.9984003,22.29,60.49059,1.399993,9.799985,0
22.69817,-0.9984003,22.29,60.49059,1.399993,9.799985,0
22.71507,-0.9984003,22.29,60.49059,1.399993,9.899985,0
22.73173,-0.9984003,22.29,60.49059,1.399993,10.19999,0
22.74855,-0.9984003,22.29,60.49059,1.499993,10.49999,0
22.76509,-0.9984003,22.29,60.49059,1.499993,10.99999,0
22.78191,-0.9984003,22.29,60.49059,1.699993,11.39999,0
22.79846,-0.9984003,22.29,60.49059,1.699993,11.89999,-1.334609E-08
22.81507,-0.9984003,22.29,60.49059,1.799993,12.29999,0
22.83169,-0.9984003,22.29,60.49059,1.799993,12.49999,0
22.84835,-0.9984003,22.29,60.49059,1.899993,12.59999,2.66951E-08
22.86501,-0.9984003,22.29,60.49059,1.899993,12.69999,1.334755E-08
22.88179,-0.9984003,22.29,60.49059,1.899993,12.69999,1.334755E-08
22.89848,-0.9984003,22.29,60.49059,1.899993,12.79999,1.334755E-08
22.91508,-0.9984003,22.29,60.49059,1.899993,12.99999,1.334755E-08
22.93159,-0.9984003,22.29,60.49059,1.999993,13.29999,0
22.94833,-0.9984003,22.29,60.49059,1.999993,13.69999,0
22.96513,-0.9984003,22.29,60.49059,2.099993,14.29999,0
22.98194,-0.9984003,22.29,60.49059,2.199993,14.99999,2.670011E-08
22.99846,-0.9984003,22.29,60.49059,2.299993,15.79999,-2.670194E-08
23.01501,-0.9984003,22.29,60.49059,2.399993,16.69999,0
23.03172,-0.9984003,22.29,60.49059,2.599993,17.59999,0
23.04839,-0.9984003,22.29,60.49059,2.699993,18.39998,2.671007E-08
23.06516,-0.9984003,22.29,60.49059,2.799994,19.19999,0
23.08162,-0.9984003,22.29,60.49059,2.899993,19.99999,0
23.09846,-0.9984003,22.29,60.49059,2.899993,20.79999,0
23.11524,-0.9984003,22.29,60.49059,2.999993,22.09999,5.343408E-08
23.13194,-0.9984003,22.29,60.49059,3.099994,22.89998,-5.343905E-08
23.1486,-0.9984003,22.29,60.49059,3.199993,23.89999,0
23.16521,-0.9984003,22.29,60.49059,3.399994,24.79999,5.345494E-08
23.18193,-0.9984003,22.29,60.49059,3.399993,25.79998,0
23.1984,-0.9984003,22.29,60.49059,3.499993,26.69999,5.346057E-08
23.21485,-0.9984003,22.29,60.49059,3.599994,27.69998,0
23.23148,-0.9984003,22.29,60.49059,3.599993,28.69999,0
23.24835,-0.9984003,22.29,60.49059,3.599994,29.79999,0
23.26517,-0.9984003,22.29,60.49059,3.599994,30.69998,0
23.28185,-0.9984003,22.29,60.49059,3.599993,31.59999,0
23.29851,-0.9984003,22.29,60.49059,3.699993,32.79999,1.069446E-07
23.31503,-0.9984003,22.29,60.49059,3.999994,34.59999,0
23.33171,-0.9984003,22.29,60.49059,4.099994,35.79999,0
23.34841,-0.9984003,22.29,60.49059,4.199994,37.19999,0
23.3652,-0.9984003,22.29,60.49059,4.299994,38.59999,0
23.38185,-0.9984003,22.29,60.49059,4.499993,40.19999,-1.070517E-07
23.39836,-0.9984003,22.29,60.49059,4.699993,41.79999,1.070818E-07
23.41517,-0.9984003,22.29,60.49059,4.899993,43.39998,-1.071132E-07
23.43184,-0.9984003,22.29,60.49059,5.199995,44.89998,0
23.44833,-0.9984003,22.29,60.49059,5.399994,46.39999,2.143949E-07
23.46534,-0.9984003,22.29,60.49059,5.599994,47.59999,0
23.48165,-0.9984003,22.29,60.49059,5.699993,48.69999,0
23.49861,-0.9984003,22.29,60.49059,5.899993,49.89999,0
23.51538,-0.9984003,22.29,60.49059,6.099995,51.69999,2.146588E-07
23.53209,-0.9984003,22.29,60.49059,6.299994,52.89999,0
23.54877,-0.9984003,22.29,60.49059,6.399995,53.89999,0
23.56559,-0.9984003,22.29,60.49059,6.599994,54.99998,-2.148674E-07
23.5821,-0.9984003,22.29,60.49059,6.699995,55.69998,-2.149111E-07
23.59873,-0.9984003,22.29,60.49059,6.799994,56.39998,2.149555E-07
23.61544,-0.9984003,22.29,60.49059,6.899995,56.99998,0
23.63208,-0.9984003,22.29,60.49059,6.999994,57.59998,2.150463E-07
23.64877,-0.9984003,22.29,60.49059,7.099994,58.19997,0
23.66549,-0.9984003,22.29,60.49059,7.199995,58.99997,0
23.68221,-0.9984003,22.29,60.49059,7.199995,59.79997,-4.302797E-07
23.69887,-0.9984003,22.29,60.49059,7.299994,60.59997,0
23.71572,-0.9984003,22.29,60.49059,7.499993,61.89997,-4.305704E-07
23.73257,-0.9984003,22.29,60.49059,7.599994,62.59998,4.3067E-07
23.74903,-0.9984003,22.29,60.49059,7.699994,63.19997,-2.153855E-07
23.76575,-0.9984003,22.29,60.49059,7.799995,63.89998,-2.154366E-07
23.78246,-0.9984003,22.29,60.49059,7.899994,64.39998,-4.30977E-07
23.79897,-0.9984003,22.29,60.49059,7.899994,65.09998,0
23.81586,-0.9984003,22.29,60.49059,7.999994,65.69999,0
23.83245,-0.9984003,22.29,60.49059,8.099995,66.29997,-4.311884E-07
23.84907,-0.9984003,22.29,60.49059,8.199996,66.89998,-4.312963E-07
23.86582,-0.9984003,22.29,60.49059,8.299994,67.39998,0
23.8826,-0.9984003,22.29,60.49059,8.399994,67.89997,0
23.89924,-0.9984003,22.29,60.49059,8.399995,68.69997,0
23.91594,-0.9984003,22.29,60.49059,8.499994,69.19997,-4.316279E-07
23.93269,-0.9984003,22.29,60.49059,8.599994,69.69997,0
23.94925,-0.9984003,22.29,60.49059,8.699994,70.19997,0
23.96608,-0.9984003,22.29,60.49059,8.799995,70.69997,0
23.98263,-0.9984003,22.29,60.49059,8.799995,70.99998,4.319718E-07
23.9993,-0.9984003,22.29,60.49059,8.799994,71.59997,0
24.016,-0.9984003,22.29,60.49059,8.499993,72.69997,0
24.03255,-0.9984003,22.29,60.49059,7.299993,73.29998,0
24.04926,-0.9984003,22.29,60.49059,6.199994,73.19997,0
24.06581,-0.9984003,22.29,60.49059,6.199994,73.19997,0
24.08265,-0.9984003,22.29,60.49059,6.199994,73.19997,0
24.09906,-0.9984003,22.29,60.49059,6.199994,73.19997,0
24.11623,-0.9984003,22.29,60.49059,6.199994,73.19997,0
24.13252,-0.9984003,22.29,60.49059,6.199994,73.19997,0
24.14894,-0.9984003,22.29,60.49059,6.199994,73.19997,0
24.16579,-0.9984003,22.29,60.49059,6.199994,73.19997,0
24.18264,-0.9984003,22.29,60.49059,6.199994,73.19997,0
24.19909,-0.9984003,22.29,60.49059,6.199994,73.19997,0
24.21636,-0.9984003,22.29,60.49059,6.199994,73.19997,0
24.23251,-0.9984003,22.29,60.49059,6.199994,73.19997,0
24.24908,-0.9984003,22.29,60.49059,6.199994,73.19997,0
24.26573,-0.9984003,22.29,60.49059,6.199994,73.19997,0
24.2824,-0.9984003,22.29,60.49059,6.199994,73.19997,0
24.29933,-0.9984003,22.29,60.49059,6.199994,73.19997,0
24.3163,-0.9984003,22.29,60.49059,6.199994,73.19997,0
24.33248,-0.9984003,22.29,60.49059,6.199994,73.19997,0
24.34912,-0.9984003,22.29,60.49059,6.199994,73.19997,0
24.36579,-0.9984003,22.29,60.49059,6.199994,73.19997,0
24.3825,-0.9984003,22.29,60.49059,6.199994,73.19997,0
24.3993,-0.9984003,22.29,60.49059,6.199994,73.19997,0
24.41595,-0.9984003,22.29,60.49059,6.199994,73.19997,0
24.43258,-0.9984003,22.29,60.49059,6.199994,73.19997,0
24.44888,-0.9984003,22.29,60.49059,6.199994,73.19997,0
24.46584,-0.9984003,22.29,60.49059,6.199994,73.19997,0
24.48271,-0.9984003,22.29,60.49059,6.199994,73.19997,0
24.49923,-0.9984003,22.29,60.49059,6.199994,73.19997,0
24.51633,-0.9984003,22.29,60.49059,6.199994,73.19997,0
24.53262,-0.9984003,22.29,60.49059,6.199994,73.19997,0
24.54909,-0.9984003,22.29,60.49059,6.199994,73.19997,0
24.56585,-0.9984003,22.29,60.49059,6.199994,73.19997,0
24.58255,-0.9984003,22.29,60.49059,6.199994,73.19997,0
24.5994,-0.9984003,22.29,60.49059,6.199994,73.19997,0
24.61615,-0.9984003,22.29,60.49059,6.199994,73.19997,0
24.63266,-0.9984003,22.29,60.49059,6.199994,73.19997,0
24.64907,-0.9984003,22.29,60.49059,6.199994,73.19997,0
24.66573,-0.9984003,22.29,60.49059,6.199994,73.19997,0
24.68251,-0.9984003,22.29,60.49059,6.199994,73.19997,0
24.69908,-0.9984003,22.29,60.49059,6.199994,73.19997,0
24.71626,-0.9984003,22.29,60.49059,6.199994,73.19997,0
24.73253,-0.9984003,22.29,60.49059,6.199994,73.19997,0
24.74917,-0.9984003,22.29,60.49059,6.199994,73.19997,0
24.76583,-0.9984003,22.29,60.49059,6.199994,73.19997,0
24.78244,-0.9984003,22.29,60.49059,6.199994,73.19997,0
24.79937,-0.9984003,22.29,60.49059,6.199994,73.19997,0
24.81661,-0.9984003,22.29,60.49059,6.199994,73.19997,0
24.83252,-0.9984003,22.29,60.49059,6.199994,73.19997,0
24.84912,-0.9984003,22.29,60.49059,6.199994,73.19997,0
24.86584,-0.9984003,22.29,60.49059,6.299994,73.29997,0
24.88276,-0.9984003,22.29,60.49059,6.299994,73.29997,0
24.89931,-0.9984003,22.29,60.49059,6.599994,73.59996,0
24.91643,-0.9984003,22.29,60.49059,6.699993,73.89996,4.298223E-07
24.93278,-0.9984003,22.29,60.49059,6.799994,74.09996,2.149555E-07
24.94944,-0.9984003,22.29,60.49059,6.899993,74.19996,2.150006E-07
24.96629,-0.9984003,22.29,60.49059,6.999993,74.29995,0
24.98303,-0.9984003,22.29,60.49059,6.999993,74.39996,2.150463E-07
24.99926,-0.9984003,22.29,60.49059,7.099992,74.49996,-2.150928E-07
25.01617,-0.9984003,22.29,60.49059,7.099992,74.49996,-2.150928E-07
25.03259,-0.9984003,22.29,60.49059,7.099992,74.49996,-2.150928E-07
25.04923,-0.9984003,22.29,60.49059,7.199995,74.89996,0
25.06608,-0.9984003,22.29,60.49059,7.299992,75.49996,4.303753E-07
25.08268,-0.9984003,22.29,60.49059,7.299993,76.19996,2.151876E-07
25.09944,-0.9984003,22.29,60.49059,7.499993,77.09995,0
25.1162,-0.9984003,22.29,60.49059,7.599993,77.69996,4.3067E-07
25.13286,-0.9984003,22.29,60.49059,7.699993,78.29996,0
25.14967,-0.9984003,22.29,60.49059,7.799994,78.89995,0
25.1663,-0.9984003,22.29,60.49059,7.899992,79.29996,0
25.18256,-0.9984003,22.29,60.49059,7.999993,79.79996,0
25.1995,-0.9984003,22.29,60.49059,7.999993,79.99995,0
25.21614,-0.9984003,22.29,60.49059,7.999993,80.39996,-4.310821E-07
25.2327,-0.9984003,22.29,60.49059,7.999994,80.79995,4.31082E-07
25.24943,-0.9984003,22.29,60.49059,7.999994,81.09995,0
25.26639,-0.9984003,22.29,60.49059,7.999994,81.29996,0
25.28298,-0.9984003,22.29,60.49059,7.999994,81.79995,-4.31082E-07
25.29955,-0.9984003,22.29,60.49059,7.999992,82.09995,4.310821E-07
25.31659,-0.9984003,22.29,60.49059,8.099993,82.39996,-4.311885E-07
25.3329,-0.9984003,22.29,60.49059,8.099993,82.59996,0
25.34942,-0.9984003,22.29,60.49059,8.099993,82.89996,4.311885E-07
25.3663,-0.9984003,22.29,60.49059,8.099993,82.99995,0
25.38278,-0.9984003,22.29,60.49059,8.199995,83.19995,0
25.39904,-0.9984003,22.29,60.49059,8.199995,83.29995,4.312963E-07
25.4158,-0.9984003,22.29,60.49059,8.199995,83.29995,4.312963E-07
25.43258,-0.9984003,22.29,60.49059,8.199995,83.39995,0
25.44907,-0.9984003,22.29,60.49059,8.199994,83.59996,0
25.46605,-0.9984003,22.29,60.49059,8.199995,83.69995,4.312963E-07
25.48278,-0.9984003,22.29,60.49059,8.199995,83.89996,4.312963E-07
25.49936,-0.9984003,22.29,60.49059,8.299994,84.09995,0
25.51614,-0.9984003,22.29,60.49059,8.299994,84.29996,-4.314055E-07
25.53263,-0.9984003,22.29,60.49059,8.399995,84.49995,0
25.54974,-0.9984003,22.29,60.49059,8.399994,84.69995,4.31516E-07
25.56611,-0.9984003,22.29,60.49059,8.399993,84.89996,0
25.58272,-0.9984003,22.29,60.49059,8.399994,84.99995,8.63032E-07
25.59924,-0.9984003,22.29,60.49059,8.499995,85.19995,0
25.61588,-0.9984003,22.29,60.49059,8.499993,85.29996,4.316279E-07
25.63255,-0.9984003,22.29,60.49059,8.499994,85.39995,0
25.6492,-0.9984003,22.29,60.49059,8.499993,85.49995,0
25.66575,-0.9984003,22.29,60.49059,8.499993,85.49995,0
25.68252,-0.9984003,22.29,60.49059,8.499993,85.49995,0
25.69919,-0.9984003,22.29,60.49059,8.499993,85.59995,0
25.71579,-0.9984003,22.29,60.49059,8.499993,85.69995,-4.316279E-07
25.73246,-0.9984003,22.29,60.49059,8.499993,85.79995,0
25.74922,-0.9984003,22.29,60.49059,8.499993,85.99995,0
25.76608,-0.9984003,22.29,60.49059,8.499993,86.09996,4.316279E-07
25.78253,-0.9984003,22.29,60.49059,8.499994,86.29996,0
25.79919,-0.9984003,22.29,60.49059,8.499993,86.49995,0
25.81587,-0.9984003,22.29,60.49059,8.599992,86.69994,0
25.83235,-0.9984003,22.29,60.49059,8.599994,86.89995,0
25.8491,-0.9984003,22.29,60.49059,8.599994,87.09995,4.317412E-07
25.86583,-0.9984003,22.29,60.49059,8.599993,87.29996,4.317412E-07
25.88267,-0.9984003,22.29,60.49059,8.699994,87.39996,0
25.89915,-0.9984003,22.29,60.49059,8.699993,87.49995,4.318557E-07
25.91571,-0.9984003,22.29,60.49059,8.699993,87.49995,4.318557E-07
25.93225,-0.9984003,22.29,60.49059,8.699993,87.49995,4.318557E-07
25.94943,-0.9984003,22.29,60.49059,8.699993,87.49995,4.318557E-07
25.9658,-0.9984003,22.29,60.49059,8.699993,87.49995,4.318557E-07
25.98268,-0.9984003,22.29,60.49059,8.699993,87.59995,-4.318558E-07
25.99924,-0.9984003,22.29,60.49059,8.699994,87.69996,4.318557E-07
26.01579,-0.9984003,22.29,60.49059,8.799992,87.99996,-4.319718E-07
26.03242,-0.9984003,22.29,60.49059,8.799992,87.99996,-4.319718E-07
26.04907,-0.9984003,22.29,60.49059,8.799992,88.39996,0
26.0659,-0.9984003,22.29,60.49059,8.899991,88.79996,0
26.08251,-0.9984003,22.29,60.49059,8.899991,88.89996,-4.320893E-07
26.09907,-0.9984003,22.29,60.49059,8.999991,89.19997,0
26.11597,-0.9984003,22.29,60.49059,9.099992,89.39996,4.323282E-07
26.13256,-0.9984003,22.29,60.49059,9.099992,89.59995,-4.323282E-07
26.14913,-0.9984003,22.29,60.49059,9.199994,89.79995,-4.324496E-07
26.16603,-0.9984003,22.29,60.49059,9.299994,90.09995,0
26.18261,-0.9984003,22.29,60.49059,9.299994,90.19995,0
26.19921,-0.9984003,22.29,60.49059,9.299993,90.39996,-4.325726E-07
26.2158,-0.9984003,22.29,60.49059,9.399992,90.49995,4.32697E-07
26.2325,-0.9984003,22.29,60.49059,9.399992,90.59995,4.32697E-07
26.24917,-0.9984003,22.29,60.49059,9.499992,90.79995,0
26.26585,-0.9984003,22.29,60.49059,9.499992,90.79995,0
26.28253,-0.9984003,22.29,60.49059,9.499991,90.89994,0
26.29916,-0.9984003,22.29,60.49059,9.499991,91.09996,0
26.31599,-0.9984003,22.29,60.49059,9.499992,91.29994,0
26.33256,-0.9984003,22.29,60.49059,9.49999,91.49995,0
26.34923,-0.9984003,22.29,60.49059,9.599993,91.69995,4.329498E-07
26.36583,-0.9984003,22.29,60.49059,9.599994,91.99995,-4.329498E-07
26.38273,-0.9984003,22.29,60.49059,9.599993,92.09995,4.329498E-07
26.39928,-0.9984003,22.29,60.49059,9.699992,92.29995,0
26.41597,-0.9984003,22.29,60.49059,9.699992,92.29995,0
26.43233,-0.9984003,22.29,60.49059,9.699992,92.39995,0
26.44919,-0.9984003,22.29,60.49059,9.699992,92.39995,0
26.46598,-0.9984003,22.29,60.49059,9.699992,92.49995,0
26.48264,-0.9984003,22.29,60.49059,9.699993,92.69995,0
26.4991,-0.9984003,22.29,60.49059,9.699991,92.79996,0
26.51596,-0.9984003,22.29,60.49059,9.799994,93.09995,4.332082E-07
26.53255,-0.9984003,22.29,60.49059,9.799994,93.19995,0
26.54916,-0.9984003,22.29,60.49059,9.799994,93.39995,4.332082E-07
26.56595,-0.9984003,22.29,60.49059,9.799994,93.59995,-4.332082E-07
26.58265,-0.9984003,22.29,60.49059,9.899995,93.79994,0
26.59911,-0.9984003,22.29,60.49059,9.899993,93.89994,0
26.61593,-0.9984003,22.29,60.49059,9.899993,93.99994,-4.333396E-07
26.63236,-0.9984003,22.29,60.49059,9.899993,93.99994,-4.333396E-07
26.64912,-0.9984003,22.29,60.49059,9.899993,94.09995,4.333396E-07
26.666,-0.9984003,22.29,60.49059,9.899993,94.19994,0
26.68251,-0.9984003,22.29,60.49059,9.899993,94.19994,0
26.69921,-0.9984003,22.29,60.49059,9.899995,94.39994,0
26.71609,-0.9984003,22.29,60.49059,9.899995,94.59995,0
26.73264,-0.9984003,22.29,60.49059,9.899995,94.79995,0
26.74929,-0.9984003,22.29,60.49059,9.899993,94.99995,-4.333396E-07
26.76602,-0.9984003,22.29,60.49059,9.899994,95.09995,-4.333396E-07
26.78256,-0.9984003,22.29,60.49059,9.999994,95.29995,-4.334722E-07
26.7992,-0.9984003,22.29,60.49059,9.999994,95.39995,-4.334722E-07
26.81587,-0.9984003,22.29,60.49059,9.999991,95.59995,0
26.8325,-0.9984003,22.29,60.49059,10.09999,95.79996,4.336063E-07
26.84911,-0.9984003,22.29,60.49059,10.09999,95.99994,-4.336063E-07
26.8657,-0.9984003,22.29,60.49059,10.09999,95.99994,-4.336063E-07
26.88288,-0.9984003,22.29,60.49059,10.1,96.19995,-4.336063E-07
26.89907,-0.9984003,22.29,60.49059,10.1,96.49995,0
26.91596,-0.9984003,22.29,60.49059,10.09999,96.69995,0
26.93273,-0.9984003,22.29,60.49059,10.09999,96.89996,4.336063E-07
26.94914,-0.9984003,22.29,60.49059,10.09999,97.09995,-4.336063E-07
26.96614,-0.9984003,22.29,60.49059,10.19999,97.29995,0
26.98241,-0.9984003,22.29,60.49059,10.2,97.59995,0
26.99928,-0.9984003,22.29,60.49059,10.19999,97.69995,0
27.01596,-0.9984003,22.29,60.49059,10.19999,97.79994,-4.337419E-07
27.0327,-0.9984003,22.29,60.49059,10.2,97.89994,0
27.04922,-0.9984003,22.29,60.49059,10.3,97.99994,0
27.06586,-0.9984003,22.29,60.49059,10.3,97.99994,0
27.0827,-0.9984003,22.29,60.49059,10.29999,98.09994,-4.338788E-07
27.09957,-0.9984003,22.29,60.49059,10.29999,98.39993,0
27.11613,-0.9984003,22.29,60.49059,10.29999,98.59995,-4.338788E-07
27.13282,-0.9984003,22.29,60.49059,10.29999,98.89994,-4.338788E-07
27.14946,-0.9984003,22.29,60.49059,10.29999,99.09995,4.338787E-07
27.16648,-0.9984003,22.29,60.49059,10.29999,99.19994,0
27.183,-0.9984003,22.29,60.49059,10.29999,99.49995,-4.338788E-07
27.19921,-0.9984003,22.29,60.49059,10.29999,99.69995,0
27.21609,-0.9984003,22.29,60.49059,10.29999,99.79995,0
27.23275,-0.9984003,22.29,60.49059,10.29999,99.99994,-4.338787E-07
27.24933,-0.9984003,22.29,60.49059,10.29999,100.0999,0
27.26632,-0.9984003,22.29,60.49059,10.29999,100.1999,-4.338788E-07
27.28311,-0.9984003,22.29,60.49059,10.29999,100.2999,-8.677575E-07
27.29961,-0.9984003,22.29,60.49059,10.29999,100.3999,4.338788E-07
27.31633,-0.9984003,22.29,60.49059,10.29999,100.5999,4.338788E-07
27.3331,-0.9984003,22.29,60.49059,10.29999,100.7999,-4.338788E-07
27.34951,-0.9984003,22.29,60.49059,10.29999,101.0999,0
27.3665,-0.9984003,22.29,60.49059,10.4,101.4999,0
27.38299,-0.9984003,22.29,60.49059,10.4,101.7999,-4.34017E-07
27.39969,-0.9984003,22.29,60.49059,10.4,101.9999,0
27.41648,-0.9984003,22.29,60.49059,10.39999,102.1999,-4.340171E-07
27.43297,-0.9984003,22.29,60.49059,10.39999,102.1999,-4.340171E-07
27.44952,-0.9984003,22.29,60.49059,10.39999,102.2999,-4.340171E-07
27.46651,-0.9984003,22.29,60.49059,10.39999,102.3999,-4.340171E-07
27.48301,-0.9984003,22.29,60.49059,10.39999,102.3999,-4.340171E-07
27.49951,-0.9984003,22.29,60.49059,10.39999,102.3999,-4.340171E-07
27.51646,-0.9984003,22.29,60.49059,10.4,102.4999,-4.34017E-07
27.53298,-0.9984003,22.29,60.49059,10.4,102.4999,-4.34017E-07
27.54951,-0.9984003,22.29,60.49059,10.4,102.5999,-8.680341E-07
27.56656,-0.9984003,22.29,60.49059,10.4,102.5999,-8.680341E-07
27.58296,-0.9984003,22.29,60.49059,10.39999,102.7999,0
27.59937,-0.9984003,22.29,60.49059,10.39999,102.9999,0
27.61649,-0.9984003,22.29,60.49059,10.4,103.1999,8.68034E-07
27.63323,-0.9984003,22.29,60.49059,10.4,103.3999,8.68034E-07
27.6497,-0.9984003,22.29,60.49059,10.39999,103.6999,-4.340171E-07
27.66679,-0.9984003,22.29,60.49059,10.4,103.7999,0
27.68323,-0.9984003,22.29,60.49059,10.4,104.0999,4.340171E-07
27.69958,-0.9984003,22.29,60.49059,10.4,104.0999,4.340171E-07
27.71668,-0.9984003,22.29,60.49059,10.4,104.0999,4.340171E-07
27.7331,-0.9984003,22.29,60.49059,10.39999,104.2999,0
27.74953,-0.9984003,22.29,60.49059,10.39999,104.2999,0
27.76645,-0.9984003,22.29,60.49059,10.39999,104.3999,4.34017E-07
27.78297,-0.9984003,22.29,60.49059,10.39999,104.3999,4.34017E-07
27.7994,-0.9984003,22.29,60.49059,10.39999,104.3999,4.34017E-07
27.81659,-0.9984003,22.29,60.49059,10.4,104.5999,-4.34017E-07
27.83323,-0.9984003,22.29,60.49059,10.4,104.5999,-4.34017E-07
27.84962,-0.9984003,22.29,60.49059,10.4,104.6999,-4.340171E-07
27.86679,-0.9984003,22.29,60.49059,10.4,104.7999,4.34017E-07
27.88333,-0.9984003,22.29,60.49059,10.4,105.0999,-4.34017E-07
27.89985,-0.9984003,22.29,60.49059,10.39999,105.3999,0
27.9164,-0.9984003,22.29,60.49059,10.4,105.5999,-4.34017E-07
27.93319,-0.9984003,22.29,60.49059,10.39999,105.6999,4.340171E-07
27.94953,-0.9984003,22.29,60.49059,10.4,105.7999,0
27.96647,-0.9984003,22.29,60.49059,10.5,105.9999,-4.341568E-07
27.98311,-0.9984003,22.29,60.49059,10.5,106.0999,4.341568E-07
27.99989,-0.9984003,22.29,60.49059,10.5,106.0999,4.341568E-07
28.01641,-0.9984003,22.29,60.49059,10.49999,106.2999,4.341568E-07
28.03311,-0.9984003,22.29,60.49059,10.5,106.3999,0
28.04968,-0.9984003,22.29,60.49059,10.5,106.4999,0
28.06663,-0.9984003,22.29,60.49059,10.5,106.5999,-4.341568E-07
28.08342,-0.9984003,22.29,60.49059,10.49999,106.6999,0
28.09953,-0.9984003,22.29,60.49059,10.5,106.7999,0
28.11642,-0.9984003,22.29,60.49059,10.5,106.7999,0
28.13326,-0.9984003,22.29,60.49059,10.5,106.7999,0
28.14956,-0.9984003,22.29,60.49059,10.5,106.7999,0
28.16669,-0.9984003,22.29,60.49059,10.5,106.7999,0
28.18293,-0.9984003,22.29,60.49059,10.5,106.7999,0
28.19964,-0.9984003,22.29,60.49059,10.5,106.7999,0
28.21665,-0.9984003,22.29,60.49059,10.5,106.7999,0
28.23306,-0.9984003,22.29,60.49059,10.4,106.9999,4.340171E-07
28.24948,-0.9984003,22.29,60.49059,10.4,106.9999,4.340171E-07
28.26692,-0.9984003,22.29,60.49059,10.3,107.1999,0
28.28343,-0.9984003,22.29,60.49059,10.3,107.5999,-4.338788E-07
28.30003,-0.9984003,22.29,60.49059,10.3,107.8999,0
28.31676,-0.9984003,22.29,60.49059,10.3,108.0999,0
28.33335,-0.9984003,22.29,60.49059,10.3,108.3999,0
28.34972,-0.9984003,22.29,60.49059,10.3,108.5999,0
28.36683,-0.9984003,22.29,60.49059,10.29999,108.6999,-4.338788E-07
28.38348,-0.9984003,22.29,60.49059,10.3,108.9999,0
28.40007,-0.9984003,22.29,60.49059,10.3,109.1999,0
28.41676,-0.9984003,22.29,60.49059,10.3,109.3999,4.338787E-07
28.43322,-0.9984003,22.29,60.49059,10.29999,109.5999,-4.338788E-07
28.4498,-0.9984003,22.29,60.49059,10.3,109.7999,0
28.46691,-0.9984003,22.29,60.49059,10.29999,109.8999,-4.338788E-07
28.48371,-0.9984003,22.29,60.49059,10.29999,110.2999,-4.338788E-07
28.49994,-0.9984003,22.29,60.49059,10.29999,110.3999,-4.338788E-07
28.51701,-0.9984003,22.29,60.49059,10.29999,110.7,0
28.53364,-0.9984003,22.29,60.49059,10.3,110.9999,-4.338788E-07
28.55007,-0.9984003,22.29,60.49059,10.29999,111.2999,-4.338788E-07
28.56701,-0.9984003,22.29,60.49059,10.3,111.6999,0
28.58351,-0.9984003,22.29,60.49059,10.4,111.9999,4.340171E-07
28.59999,-0.9984003,22.29,60.49059,10.5,112.3999,0
28.61704,-0.9984003,22.29,60.49059,10.6,112.7999,0
28.63342,-0.9984003,22.29,60.49059,10.6,112.9999,-4.342979E-07
28.65025,-0.9984003,22.29,60.49059,10.7,113.2999,0
28.66728,-0.9984003,22.29,60.49059,10.7,113.4999,-8.688812E-07
28.68381,-0.9984003,22.29,60.49059,10.7,113.7999,0
28.70015,-0.9984003,22.29,60.49059,10.7,113.9999,0
28.7173,-0.9984003,22.29,60.49059,10.8,114.2999,-4.345845E-07
28.73372,-0.9984003,22.29,60.49059,10.8,114.5999,0
28.75039,-0.9984003,22.29,60.49059,10.9,114.7999,-4.3473E-07
28.7674,-0.9984003,22.29,60.49059,10.9,114.9999,0
28.78368,-0.9984003,22.29,60.49059,10.9,115.2999,-4.347299E-07
28.80008,-0.9984003,22.29,60.49059,11,115.4999,0
28.81714,-0.9984003,22.29,60.49059,11.1,115.8999,-4.350249E-07
28.83376,-0.9984003,22.29,60.49059,11.1,115.9999,-8.7005E-07
28.85033,-0.9984003,22.29,60.49059,11.1,116.1999,0
28.86728,-0.9984003,22.29,60.49059,11.1,116.5999,-8.7005E-07
28.88386,-0.9984003,22.29,60.49059,11.1,116.7999,-4.35025E-07
28.90037,-0.9984003,22.29,60.49059,11.2,116.9999,8.703493E-07
28.91716,-0.9984003,22.29,60.49059,11.2,117.0999,0
28.93376,-0.9984003,22.29,60.49059,11.2,117.1999,0
28.9501,-0.9984003,22.29,60.49059,11.2,117.2999,4.351747E-07
28.96715,-0.9984003,22.29,60.49059,11.2,117.4,4.351746E-07
28.98377,-0.9984003,22.29,60.49059,11.2,117.4,4.351746E-07
29.00044,-0.9984003,22.29,60.49059,11.3,117.4999,0
29.01706,-0.9984003,22.29,60.49059,11.3,117.4999,0
29.03359,-0.9984003,22.29,60.49059,11.3,117.4999,0
29.05033,-0.9984003,22.29,60.49059,11.3,117.4999,0
29.06705,-0.9984003,22.29,60.49059,11.3,117.5999,0
29.08368,-0.9984003,22.29,60.49059,11.3,117.5999,0
29.10032,-0.9984003,22.29,60.49059,11.3,117.5999,0
29.11708,-0.9984003,22.29,60.49059,11.3,117.5999,0
29.13365,-0.927504,22.29,60.45353,11.3,117.5999,0
29.15047,-0.8566077,22.29,60.41647,11.3,117.5999,0
29.16701,-0.8566077,22.29,60.41647,11.3,117.5999,0
29.18351,-0.7857113,22.29,60.3794,11.3,117.5999,0
29.20034,-0.714815,22.29,60.34234,11.3,117.5999,0
29.21717,-0.6439187,22.29,60.30527,11.3,117.5999,0
29.23347,-0.5730224,22.29,60.26821,11.3,117.5999,0
29.24993,-0.502126,22.29,60.23115,11.3,117.5999,0
29.26697,-0.502126,22.29,60.23115,11.3,117.5999,0
29.28341,-0.4312297,22.29,60.19408,11.3,117.5999,0
29.29977,-0.3603334,22.29,60.15702,11.3,117.5999,0
29.31676,-0.2894371,22.29,60.11996,11.3,117.5999,0
29.33342,-0.2185407,22.29,60.08289,11.3,117.5999,0
29.34965,-0.1476444,22.29,60.04583,11.3,117.5999,0
29.36668,-0.1476444,22.29,60.04583,11.3,117.5999,0
29.38325,-0.07674808,22.29,60.00877,11.3,117.5999,0
29.39981,-0.005851753,22.29,59.9717,11.3,117.5999,0
29.41675,0.06504457,22.29,59.93464,11.3,117.5999,0
29.43302,0.1358761,22.29,59.89745,11.3,117.6999,0
29.44984,0.2065119,22.29,59.85989,11.4,117.9999,0
29.46666,0.2065119,22.29,59.85989,11.4,118.4999,4.354783E-07
29.48325,0.2762775,22.29,59.82074,11.5,119.2999,0
29.4998,0.3458371,22.29,59.78123,11.6,119.5999,-8.715752E-07
29.51664,0.4149792,22.29,59.74099,11.7,120.1999,-4.359445E-07
29.533,0.4838386,22.29,59.70026,11.8,120.5999,-4.361028E-07
29.54994,0.4838386,22.29,59.70026,11.9,120.9999,-4.362625E-07
29.56658,0.4838386,22.29,59.70026,11.9,121.1999,0
29.58305,0.4838386,22.29,59.70026,12,121.3999,0
29.59979,0.4838386,22.29,59.70026,12,121.4999,0
29.61656,0.4838386,22.29,59.70026,12.1,121.6999,4.365862E-07
29.63294,0.4838386,22.29,59.70026,12.1,121.6999,4.365862E-07
29.64942,0.4838386,22.29,59.70026,12.1,121.6999,4.365862E-07
29.66646,0.4838386,22.29,59.70026,12.1,121.6999,4.365862E-07
29.6831,0.4838386,22.29,59.70026,12.1,121.6999,4.365862E-07
29.69951,0.4838386,22.29,59.70026,12.1,121.6999,4.365862E-07
29.71637,0.4838386,22.29,59.70026,12.1,121.6999,4.365862E-07
29.733,0.4838386,22.29,59.70026,12.1,121.6999,4.365862E-07
29.74957,0.4838386,22.29,59.70026,12.1,121.7999,0
29.76656,0.4838386,22.29,59.70026,12.1,121.8999,0
29.7829,0.4838386,22.29,59.70026,12.1,121.9999,0
29.79957,0.4838386,22.29,59.70026,12.1,121.9999,0
29.81632,0.4838386,22.29,59.70026,12.1,121.9999,0
29.83289,0.4838386,22.29,59.70026,12.1,121.9999,0
29.84962,0.4838386,22.29,59.70026,12.1,121.9999,0
29.86635,0.4838386,22.29,59.70026,12.1,121.9999,0
29.88282,0.4838386,22.29,59.70026,12.1,121.9999,0
29.89954,0.4838386,22.29,59.70026,12.1,121.9999,0
29.91662,0.4838386,22.29,59.70026,12.1,122.0999,-4.365864E-07
29.93302,0.4838386,22.29,59.70026,12.2,122.2999,0
29.94964,0.4838386,22.29,59.70026,12.2,122.2999,0
29.96637,0.4838386,22.29,59.70026,12.2,122.3999,-4.367505E-07
29.98287,0.4838386,22.29,59.70026,12.2,122.4999,-4.367505E-07
29.99982,0.4838386,22.29,59.70026,12.2,122.5999,-4.367504E-07
30.01636,0.4838386,22.29,59.70026,12.2,122.5999,-4.367504E-07
30.03276,0.4838386,22.29,59.70026,12.2,122.6999,-8.735011E-07
30.0495,0.4838386,22.29,59.70026,12.2,122.6999,-8.735011E-07
30.0663,0.4838386,22.29,59.70026,12.2,122.6999,-8.735011E-07
30.08297,0.4838386,22.29,59.70026,12.2,122.6999,-8.735011E-07
30.09955,0.4838386,22.29,59.70026,12.2,122.6999,-8.735011E-07
30.11636,0.4838386,22.29,59.70026,12.2,122.6999,-8.735011E-07
30.13296,0.4838386,22.29,59.70026,12.2,122.6999,-8.735011E-07
30.14948,0.4838386,22.29,59.70026,12.2,122.6999,-8.735011E-07
30.16631,0.4838386,22.29,59.70026,12.2,122.6999,-8.735011E-07
30.18285,0.4838386,22.29,59.70026,12.2,122.6999,-8.735011E-07
30.19971,0.4838386,22.29,59.70026,12.2,122.6999,-8.735011E-07
30.21622,0.4838386,22.29,59.70026,12.2,122.6999,-8.735011E-07
30.23288,0.4838386,22.29,59.70026,12.2,122.6999,-8.735011E-07
30.2496,0.4838386,22.29,59.70026,12.2,122.6999,-8.735011E-07
30.26632,0.4838386,22.29,59.70026,12.2,122.6999,-8.735011E-07
30.28302,0.4838386,22.29,59.70026,12.2,122.6999,-8.735011E-07
30.29978,0.4838386,22.29,59.70026,12.2,122.6999,-8.735011E-07
30.31616,0.4838386,22.29,59.70026,12.2,122.6999,-8.735011E-07
30.33297,0.4838386,22.29,59.70026,12.2,122.6999,-8.735011E-07
30.34943,0.4838386,22.29,59.70026,12.2,122.6999,-8.735011E-07
30.3662,0.4838386,22.29,59.70026,12.2,122.6999,-8.735011E-07
30.38284,0.4838386,22.29,59.70026,12.2,122.6999,-8.735011E-07
30.39963,0.4838386,22.29,59.70026,12.2,122.6999,-8.735011E-07
30.41618,0.4838386,22.29,59.70026,12.2,122.6999,-8.735011E-07
30.43295,0.4838386,22.29,59.70026,12.2,122.6999,-8.735011E-07
30.44954,0.4838386,22.29,59.70026,12.2,122.6999,-8.735011E-07
30.46629,0.4838386,22.29,59.70026,12.2,122.6999,-8.735011E-07
30.48298,0.4838386,22.29,59.70026,12.2,122.6999,-8.735011E-07
30.49959,0.4838386,22.29,59.70026,12.2,122.6999,-8.735011E-07
30.51632,0.4838386,22.29,59.70026,12.2,122.6999,-8.735011E-07
30.533,0.4838386,22.29,59.70026,12.2,122.6999,-8.735011E-07
30.54967,0.4838386,22.29,59.70026,12.3,122.7999,0
30.56676,0.4838386,22.29,59.70026,12.4,123.1999,0
30.58283,0.4838386,22.29,59.70026,12.5,123.5999,0
30.59956,0.4838386,22.29,59.70026,12.5,123.7999,0
30.61651,0.4838386,22.29,59.70026,12.6,124.0999,0
30.63299,0.4838386,22.29,59.70026,12.7,124.4999,0
30.64956,0.4838386,22.29,59.70026,12.7,124.7999,-4.375928E-07
30.66645,0.4838386,22.29,59.70026,12.7,125.0999,4.375927E-07
30.68316,0.4838386,22.29,59.70026,12.8,125.4999,-4.377656E-07
30.69971,0.4838386,22.29,59.70026,12.8,125.6999,0
30.71638,0.4838386,22.29,59.70026,12.8,125.9999,0
30.73294,0.4838386,22.29,59.70026,12.8,126.3999,0
30.74969,0.4838386,22.29,59.70026,12.8,126.8999,0
30.76645,0.4838386,22.29,59.70026,12.8,127.1999,-4.377656E-07
30.78307,0.4838386,22.29,59.70026,12.8,127.8999,4.377656E-07
30.79967,0.4838386,22.29,59.70026,12.8,128.5999,-4.377656E-07
30.81633,0.4838386,22.29,59.70026,12.8,129.2999,0
30.833,0.4838386,22.29,59.70026,12.8,130.1999,0
30.84964,0.4838386,22.29,59.70026,12.8,131.2,0
30.86656,0.4838386,22.29,59.70026,12.9,132.2999,-4.379399E-07
30.88336,0.4838386,22.29,59.70026,13,134.0999,0
30.89979,0.4838386,22.29,59.70026,13.2,135.3999,0
30.91652,0.4838386,22.29,59.70026,13.3,136.8999,0
30.93317,0.4838386,22.29,59.70026,13.4,138.5999,0
30.94995,0.4838386,22.29,59.70026,13.5,140.0999,4.390169E-07
30.96654,0.4838386,22.29,59.70026,13.6,141.4999,4.392016E-07
30.98313,0.4838386,22.29,59.70026,13.7,142.8999,0
31.00015,0.4838386,22.29,59.70026,13.8,144.0999,0
31.01659,0.4838386,22.29,59.70026,13.9,145.2999,-4.397646E-07
31.03299,0.4838386,22.29,59.70026,13.9,146.3999,0
31.04954,0.4838386,22.29,59.70026,14,147.3999,0
31.0662,0.4838386,22.29,59.70026,14.2,148.3999,0
31.083,0.4838386,22.29,59.70026,14.4,149.6999,0
31.09955,0.4838386,22.29,59.70026,14.5,150.5999,4.409314E-07
31.11625,0.4838386,22.29,59.70026,14.6,151.5999,0
31.13261,0.4838386,22.29,59.70026,14.7,152.3999,0
31.14926,0.4838386,22.29,59.70026,14.9,153.0999,-2.208699E-07
31.16601,0.4838386,22.29,59.70026,14.9,153.5999,0
31.18289,0.4838386,22.29,59.70026,15,153.8999,0
31.19941,0.4838386,22.29,59.70026,15,154.2999,2.209729E-07
31.21577,0.4838386,22.29,59.70026,15.1,154.3999,0
31.23252,0.4838386,22.29,59.70026,15.1,154.4999,-4.421532E-07
31.24934,0.4838386,22.29,59.70026,15.1,154.4999,-4.421532E-07
31.26592,0.4838386,22.29,59.70026,15.2,154.6999,0
31.28303,0.4838386,22.29,59.70026,15.4,155.1999,-2.213924E-07
31.29943,0.4838386,22.29,59.70026,15.5,155.4999,-2.214992E-07
31.31611,0.4838386,22.29,59.70026,15.5,155.7999,-2.214992E-07
31.33292,0.4838386,22.29,59.70026,15.4,155.9999,2.213924E-07
31.34926,0.4838386,22.29,59.70026,14.9,155.9999,2.208699E-07
31.36576,0.4838386,22.29,59.70026,14.8,155.9999,2.207677E-07
31.38257,0.4838386,22.29,59.70026,14.8,155.9999,2.207677E-07
31.3993,0.4838386,22.29,59.70026,14.8,155.9999,2.207677E-07
31.41582,0.4838386,22.29,59.70026,14.8,155.9999,2.207677E-07
31.43256,0.4838386,22.29,59.70026,14.8,155.9999,2.207677E-07
31.44909,0.4838386,22.29,59.70026,14.8,155.9999,2.207677E-07
31.46596,0.4838386,22.29,59.70026,14.8,155.9999,2.207677E-07
31.48262,0.4838386,22.29,59.70026,14.8,155.9999,2.207677E-07
31.49909,0.4838386,22.29,59.70026,14.8,155.9999,2.207677E-07
31.51585,0.4838386,22.29,59.70026,14.8,155.9999,2.207677E-07
31.53245,0.4838386,22.29,59.70026,14.8,155.9999,2.207677E-07
31.54934,0.4838386,22.29,59.70026,14.8,155.9999,2.207677E-07
31.56563,0.4838386,22.29,59.70026,14.8,155.9999,2.207677E-07
31.58258,0.4838386,22.29,59.70026,14.8,155.9999,2.207677E-07
31.59909,0.4838386,22.29,59.70026,14.8,155.9999,2.207677E-07
31.61595,0.4838386,22.29,59.70026,14.8,155.9999,2.207677E-07
31.63265,0.4838386,22.29,59.70026,14.8,155.9999,2.207677E-07
31.64929,0.4838386,22.29,59.70026,14.8,155.9999,2.207677E-07
31.66585,0.4838386,22.29,59.70026,14.8,155.9999,2.207677E-07
31.6826,0.4838386,22.29,59.70026,14.8,155.9999,2.207677E-07
31.69928,0.4838386,22.29,59.70026,14.8,155.9999,2.207677E-07
31.71596,0.4838386,22.29,59.70026,14.8,155.9999,2.207677E-07
31.73266,0.4838386,22.29,59.70026,14.8,155.9999,2.207677E-07
31.74908,0.4838386,22.29,59.70026,14.8,155.9999,2.207677E-07
31.76598,0.4838386,22.29,59.70026,14.8,155.9999,2.207677E-07
31.78256,0.4838386,22.29,59.70026,14.8,155.9999,2.207677E-07
31.79932,0.4838386,22.29,59.70026,14.8,155.9999,2.207677E-07
31.81616,0.4838386,22.29,59.70026,14.8,155.9999,2.207677E-07
31.83249,0.4838386,22.29,59.70026,14.8,155.9999,2.207677E-07
31.84916,0.4838386,22.29,59.70026,14.8,155.9999,2.207677E-07
31.86598,0.4838386,22.29,59.70026,14.8,155.9999,2.207677E-07
31.88255,0.4838386,22.29,59.70026,14.8,155.9999,2.207677E-07
31.89927,0.4838386,22.29,59.70026,14.8,155.9999,2.207677E-07
31.91572,0.4838386,22.29,59.70026,14.8,155.9999,2.207677E-07
31.93249,0.4838386,22.29,59.70026,14.8,155.9999,2.207677E-07
31.94925,0.4838386,22.29,59.70026,14.8,155.9999,2.207677E-07
31.96592,0.4838386,22.29,59.70026,14.8,155.9999,2.207677E-07
31.98261,0.4838386,22.29,59.70026,14.8,155.9999,2.207677E-07
31.99926,0.4838386,22.29,59.70026,14.8,155.9999,2.207677E-07
32.01597,0.4838386,22.29,59.70026,14.8,155.9999,2.207677E-07
32.03257,0.4838386,22.29,59.70026,14.8,155.9999,2.207677E-07
32.04929,0.4838386,22.29,59.70026,14.8,155.9999,2.207677E-07
32.06581,0.4838386,22.29,59.70026,14.8,155.9999,2.207677E-07
32.08276,0.4838386,22.29,59.70026,14.8,155.9999,2.207677E-07
32.09921,0.4838386,22.29,59.70026,14.8,155.9999,2.207677E-07
32.11615,0.4838386,22.29,59.70026,14.8,155.9999,2.207677E-07
32.13256,0.4838386,22.29,59.70026,14.7,156.0999,2.206663E-07
32.14927,0.4838386,22.29,59.70026,14.7,156.0999,2.206663E-07
32.1661,0.4838386,22.29,59.70026,14.7,156.1999,0
32.183,0.4838386,22.29,59.70026,14.9,156.4999,-2.208699E-07
32.19963,0.4838386,22.29,59.70026,15.1,156.7999,0
32.21593,0.4838386,22.29,59.70026,15.1,156.9999,0
32.23273,0.4838386,22.29,59.70026,15.1,157.0999,0
32.24905,0.4838386,22.29,59.70026,15.1,157.0999,0
32.26589,0.4838386,22.29,59.70026,15.1,157.0999,0
32.28268,0.4838386,22.29,59.70026,15.1,157.1999,2.210766E-07
32.29934,0.4838386,22.29,59.70026,15.09999,157.2999,2.210766E-07
32.31602,0.4838386,22.29,59.70026,15.1,157.4999,-2.210766E-07
32.33271,0.4838386,22.29,59.70026,15.1,157.7999,-4.421531E-07
32.34948,0.4838386,22.29,59.70026,15.1,158.0999,0
32.36607,0.4838386,22.29,59.70026,15.1,158.5999,0
32.38259,0.4838386,22.29,59.70026,15.2,159.0999,2.211811E-07
32.39911,0.4838386,22.29,59.70026,15.3,159.6999,-2.212864E-07
32.41574,0.4838386,22.29,59.70026,15.4,160.3999,-2.213924E-07
32.43239,0.4838386,22.29,59.70026,15.5,161.0999,0
32.44895,0.4838386,22.29,59.70026,15.6,161.7999,0
32.46609,0.4838386,22.29,59.70026,15.7,162.4999,2.217152E-07
32.48259,0.4838386,22.29,59.70026,15.9,163.6999,0
32.49898,0.4838386,22.29,59.70026,16,164.3999,0
32.51589,0.4838386,22.29,59.70026,16.1,165.0999,0
32.53237,0.4838386,22.29,59.70026,16.2,165.7999,-2.222689E-07
32.54907,0.4838386,22.29,59.70026,16.3,166.4999,2.22382E-07
32.56597,0.4838386,22.29,59.70026,16.5,167.2999,0
32.58251,0.4838386,22.29,59.70026,16.6,168.0999,-1.11363E-07
32.59914,0.4838386,22.29,59.70026,16.7,168.9999,1.114212E-07
32.61603,0.4838386,22.29,59.70026,16.8,169.8999,0
32.63239,0.4838386,22.29,59.70026,17.00001,170.7999,0
32.64886,0.4838386,22.29,59.70026,17.10001,171.6999,0
32.66549,0.4838386,22.29,59.70026,17.2,172.4999,0
32.68267,0.4838386,22.29,59.70026,17.3,173.3999,0
32.69899,0.4838386,22.29,59.70026,17.40001,174.5999,-1.118394E-07
32.71595,0.4838386,22.29,59.70026,17.60001,175.4999,0
32.74974,0.4838386,22.29,59.70026,17.70001,176.3999,0
32.76622,0.4838386,22.29,59.70026,17.80001,177.9999,0
32.78263,0.4838386,22.29,59.70026,17.90001,178.7999,0
32.79923,0.4838386,22.29,59.70026,18.00002,179.5999,7.013365E-09
32.8157,0.4838386,22.29,59.70026,18.00002,180.3999,0
32.84921,0.4838386,22.29,59.70026,18.10002,181.0999,1.403471E-08
32.86591,0.4838386,22.29,59.70026,18.10002,182.1999,5.613885E-08
32.88253,0.4838386,22.29,59.70026,18.10002,182.4999,-2.806943E-08
32.89898,0.4838386,22.29,59.70026,18.20002,182.7999,-2.808548E-08
32.91613,0.4838386,22.29,59.70026,18.20002,182.9999,5.617098E-08
32.93233,0.4838386,22.29,59.70026,18.20002,183.1999,5.617098E-08
32.96623,0.4838386,22.29,59.70026,18.20002,183.3999,0
32.98255,0.4838386,22.29,59.70026,18.20001,183.8999,0
32.99906,0.4838386,22.29,59.70026,18.20002,184.0999,-5.617098E-08
33.01592,0.4838386,22.29,59.70026,18.20002,184.1999,0
33.03222,0.4838386,22.29,59.70026,18.20002,184.1999,0
33.04896,0.4838386,22.29,59.70026,18.20002,184.2999,1.12342E-07
33.08285,0.4838386,22.29,59.70026,18.20001,184.3999,-5.617097E-08
33.09926,0.4838386,22.29,59.70026,18.00002,184.8999,-5.610691E-08
33.1156,0.4838386,22.29,59.70026,17.80002,185.1999,0
33.13235,0.4838386,22.29,59.70026,17.70002,185.3999,-5.601239E-08
33.14916,0.4838386,22.29,59.70026,17.40002,185.7999,5.591973E-08
33.18274,0.4838386,22.29,59.70026,17.30002,186.0999,0
33.19911,0.4838386,22.29,59.70026,17.20002,186.1999,0
33.21559,0.4838386,22.29,59.70026,17.20002,186.2999,0

